Energy	Plot 1
4000	1.311e+11
4000.5	1.319e+11
4001	1.328e+11
4001.5	1.337e+11
4002	1.345e+11
4002.5	1.354e+11
4003	1.363e+11
4003.5	1.373e+11
4004	1.382e+11
4004.5	1.391e+11
4005	1.4e+11
4005.5	1.409e+11
4006	1.418e+11
4006.5	1.427e+11
4007	1.436e+11
4007.5	1.445e+11
4008	1.453e+11
4008.5	1.461e+11
4009	1.469e+11
4009.5	1.476e+11
4010	1.483e+11
4010.5	1.49e+11
4011	1.496e+11
4011.5	1.502e+11
4012	1.507e+11
4012.5	1.512e+11
4013	1.516e+11
4013.5	1.52e+11
4014	1.524e+11
4014.5	1.527e+11
4015	1.529e+11
4015.5	1.531e+11
4016	1.533e+11
4016.5	1.534e+11
4017	1.535e+11
4017.5	1.535e+11
4018	1.535e+11
4018.5	1.535e+11
4019	1.534e+11
4019.5	1.534e+11
4020	1.532e+11
4020.5	1.531e+11
4021	1.53e+11
4021.5	1.528e+11
4022	1.526e+11
4022.5	1.525e+11
4023	1.523e+11
4023.5	1.521e+11
4024	1.52e+11
4024.5	1.519e+11
4025	1.517e+11
4025.5	1.516e+11
4026	1.516e+11
4026.5	1.515e+11
4027	1.515e+11
4027.5	1.515e+11
4028	1.516e+11
4028.5	1.516e+11
4029	1.518e+11
4029.5	1.519e+11
4030	1.521e+11
4030.5	1.524e+11
4031	1.527e+11
4031.5	1.53e+11
4032	1.534e+11
4032.5	1.538e+11
4033	1.543e+11
4033.5	1.548e+11
4034	1.554e+11
4034.5	1.56e+11
4035	1.566e+11
4035.5	1.573e+11
4036	1.58e+11
4036.5	1.587e+11
4037	1.595e+11
4037.5	1.603e+11
4038	1.611e+11
4038.5	1.62e+11
4039	1.628e+11
4039.5	1.637e+11
4040	1.646e+11
4040.5	1.655e+11
4041	1.664e+11
4041.5	1.673e+11
4042	1.682e+11
4042.5	1.691e+11
4043	1.7e+11
4043.5	1.708e+11
4044	1.717e+11
4044.5	1.725e+11
4045	1.733e+11
4045.5	1.741e+11
4046	1.749e+11
4046.5	1.757e+11
4047	1.764e+11
4047.5	1.77e+11
4048	1.777e+11
4048.5	1.783e+11
4049	1.789e+11
4049.5	1.794e+11
4050	1.799e+11
4050.5	1.804e+11
4051	1.809e+11
4051.5	1.813e+11
4052	1.817e+11
4052.5	1.82e+11
4053	1.824e+11
4053.5	1.827e+11
4054	1.83e+11
4054.5	1.832e+11
4055	1.835e+11
4055.5	1.837e+11
4056	1.84e+11
4056.5	1.842e+11
4057	1.844e+11
4057.5	1.847e+11
4058	1.85e+11
4058.5	1.853e+11
4059	1.856e+11
4059.5	1.859e+11
4060	1.863e+11
4060.5	1.867e+11
4061	1.871e+11
4061.5	1.876e+11
4062	1.881e+11
4062.5	1.887e+11
4063	1.894e+11
4063.5	1.901e+11
4064	1.909e+11
4064.5	1.918e+11
4065	1.927e+11
4065.5	1.937e+11
4066	1.948e+11
4066.5	1.959e+11
4067	1.971e+11
4067.5	1.984e+11
4068	1.998e+11
4068.5	2.013e+11
4069	2.028e+11
4069.5	2.044e+11
4070	2.061e+11
4070.5	2.078e+11
4071	2.096e+11
4071.5	2.114e+11
4072	2.133e+11
4072.5	2.153e+11
4073	2.173e+11
4073.5	2.193e+11
4074	2.213e+11
4074.5	2.233e+11
4075	2.254e+11
4075.5	2.275e+11
4076	2.296e+11
4076.5	2.316e+11
4077	2.337e+11
4077.5	2.357e+11
4078	2.376e+11
4078.5	2.396e+11
4079	2.414e+11
4079.5	2.432e+11
4080	2.45e+11
4080.5	2.466e+11
4081	2.482e+11
4081.5	2.497e+11
4082	2.511e+11
4082.5	2.524e+11
4083	2.536e+11
4083.5	2.547e+11
4084	2.557e+11
4084.5	2.566e+11
4085	2.574e+11
4085.5	2.58e+11
4086	2.586e+11
4086.5	2.59e+11
4087	2.594e+11
4087.5	2.596e+11
4088	2.598e+11
4088.5	2.598e+11
4089	2.598e+11
4089.5	2.597e+11
4090	2.596e+11
4090.5	2.593e+11
4091	2.59e+11
4091.5	2.587e+11
4092	2.583e+11
4092.5	2.579e+11
4093	2.574e+11
4093.5	2.57e+11
4094	2.565e+11
4094.5	2.561e+11
4095	2.556e+11
4095.5	2.552e+11
4096	2.548e+11
4096.5	2.544e+11
4097	2.541e+11
4097.5	2.538e+11
4098	2.535e+11
4098.5	2.533e+11
4099	2.533e+11
4099.5	2.532e+11
4100	2.533e+11
4100.5	2.534e+11
4101	2.535e+11
4101.5	2.538e+11
4102	2.542e+11
4102.5	2.546e+11
4103	2.552e+11
4103.5	2.558e+11
4104	2.565e+11
4104.5	2.573e+11
4105	2.582e+11
4105.5	2.591e+11
4106	2.601e+11
4106.5	2.612e+11
4107	2.624e+11
4107.5	2.636e+11
4108	2.649e+11
4108.5	2.662e+11
4109	2.676e+11
4109.5	2.691e+11
4110	2.705e+11
4110.5	2.721e+11
4111	2.736e+11
4111.5	2.751e+11
4112	2.767e+11
4112.5	2.783e+11
4113	2.799e+11
4113.5	2.815e+11
4114	2.83e+11
4114.5	2.846e+11
4115	2.862e+11
4115.5	2.877e+11
4116	2.891e+11
4116.5	2.906e+11
4117	2.921e+11
4117.5	2.935e+11
4118	2.948e+11
4118.5	2.961e+11
4119	2.974e+11
4119.5	2.986e+11
4120	2.998e+11
4120.5	3.01e+11
4121	3.021e+11
4121.5	3.031e+11
4122	3.041e+11
4122.5	3.051e+11
4123	3.06e+11
4123.5	3.069e+11
4124	3.078e+11
4124.5	3.087e+11
4125	3.095e+11
4125.5	3.104e+11
4126	3.112e+11
4126.5	3.12e+11
4127	3.128e+11
4127.5	3.137e+11
4128	3.145e+11
4128.5	3.154e+11
4129	3.164e+11
4129.5	3.173e+11
4130	3.184e+11
4130.5	3.194e+11
4131	3.205e+11
4131.5	3.218e+11
4132	3.231e+11
4132.5	3.244e+11
4133	3.259e+11
4133.5	3.274e+11
4134	3.291e+11
4134.5	3.309e+11
4135	3.327e+11
4135.5	3.347e+11
4136	3.368e+11
4136.5	3.39e+11
4137	3.413e+11
4137.5	3.438e+11
4138	3.463e+11
4138.5	3.49e+11
4139	3.517e+11
4139.5	3.546e+11
4140	3.576e+11
4140.5	3.607e+11
4141	3.638e+11
4141.5	3.67e+11
4142	3.703e+11
4142.5	3.737e+11
4143	3.771e+11
4143.5	3.805e+11
4144	3.84e+11
4144.5	3.875e+11
4145	3.91e+11
4145.5	3.944e+11
4146	3.979e+11
4146.5	4.013e+11
4147	4.047e+11
4147.5	4.08e+11
4148	4.112e+11
4148.5	4.143e+11
4149	4.174e+11
4149.5	4.203e+11
4150	4.231e+11
4150.5	4.258e+11
4151	4.283e+11
4151.5	4.307e+11
4152	4.329e+11
4152.5	4.35e+11
4153	4.369e+11
4153.5	4.386e+11
4154	4.402e+11
4154.5	4.415e+11
4155	4.428e+11
4155.5	4.439e+11
4156	4.448e+11
4156.5	4.455e+11
4157	4.461e+11
4157.5	4.465e+11
4158	4.468e+11
4158.5	4.47e+11
4159	4.47e+11
4159.5	4.47e+11
4160	4.468e+11
4160.5	4.466e+11
4161	4.463e+11
4161.5	4.459e+11
4162	4.454e+11
4162.5	4.45e+11
4163	4.445e+11
4163.5	4.44e+11
4164	4.435e+11
4164.5	4.43e+11
4165	4.425e+11
4165.5	4.421e+11
4166	4.417e+11
4166.5	4.414e+11
4167	4.412e+11
4167.5	4.41e+11
4168	4.409e+11
4168.5	4.409e+11
4169	4.41e+11
4169.5	4.413e+11
4170	4.416e+11
4170.5	4.42e+11
4171	4.426e+11
4171.5	4.433e+11
4172	4.441e+11
4172.5	4.45e+11
4173	4.461e+11
4173.5	4.473e+11
4174	4.485e+11
4174.5	4.499e+11
4175	4.514e+11
4175.5	4.531e+11
4176	4.548e+11
4176.5	4.566e+11
4177	4.585e+11
4177.5	4.604e+11
4178	4.625e+11
4178.5	4.646e+11
4179	4.667e+11
4179.5	4.689e+11
4180	4.712e+11
4180.5	4.735e+11
4181	4.758e+11
4181.5	4.781e+11
4182	4.804e+11
4182.5	4.827e+11
4183	4.851e+11
4183.5	4.874e+11
4184	4.897e+11
4184.5	4.92e+11
4185	4.942e+11
4185.5	4.964e+11
4186	4.986e+11
4186.5	5.008e+11
4187	5.029e+11
4187.5	5.05e+11
4188	5.07e+11
4188.5	5.09e+11
4189	5.11e+11
4189.5	5.129e+11
4190	5.148e+11
4190.5	5.166e+11
4191	5.185e+11
4191.5	5.203e+11
4192	5.22e+11
4192.5	5.238e+11
4193	5.256e+11
4193.5	5.273e+11
4194	5.291e+11
4194.5	5.308e+11
4195	5.326e+11
4195.5	5.344e+11
4196	5.363e+11
4196.5	5.381e+11
4197	5.401e+11
4197.5	5.42e+11
4198	5.44e+11
4198.5	5.461e+11
4199	5.483e+11
4199.5	5.506e+11
4200	5.529e+11
4200.5	5.553e+11
4201	5.578e+11
4201.5	5.604e+11
4202	5.631e+11
4202.5	5.659e+11
4203	5.688e+11
4203.5	5.718e+11
4204	5.749e+11
4204.5	5.782e+11
4205	5.815e+11
4205.5	5.848e+11
4206	5.883e+11
4206.5	5.919e+11
4207	5.956e+11
4207.5	5.994e+11
4208	6.032e+11
4208.5	6.07e+11
4209	6.109e+11
4209.5	6.149e+11
4210	6.188e+11
4210.5	6.229e+11
4211	6.269e+11
4211.5	6.308e+11
4212	6.348e+11
4212.5	6.387e+11
4213	6.426e+11
4213.5	6.464e+11
4214	6.502e+11
4214.5	6.538e+11
4215	6.573e+11
4215.5	6.608e+11
4216	6.641e+11
4216.5	6.673e+11
4217	6.704e+11
4217.5	6.732e+11
4218	6.76e+11
4218.5	6.785e+11
4219	6.809e+11
4219.5	6.832e+11
4220	6.852e+11
4220.5	6.87e+11
4221	6.887e+11
4221.5	6.902e+11
4222	6.915e+11
4222.5	6.927e+11
4223	6.937e+11
4223.5	6.944e+11
4224	6.95e+11
4224.5	6.955e+11
4225	6.958e+11
4225.5	6.96e+11
4226	6.961e+11
4226.5	6.959e+11
4227	6.957e+11
4227.5	6.954e+11
4228	6.95e+11
4228.5	6.946e+11
4229	6.941e+11
4229.5	6.934e+11
4230	6.928e+11
4230.5	6.921e+11
4231	6.915e+11
4231.5	6.908e+11
4232	6.901e+11
4232.5	6.894e+11
4233	6.888e+11
4233.5	6.882e+11
4234	6.876e+11
4234.5	6.872e+11
4235	6.867e+11
4235.5	6.863e+11
4236	6.86e+11
4236.5	6.858e+11
4237	6.858e+11
4237.5	6.858e+11
4238	6.858e+11
4238.5	6.86e+11
4239	6.863e+11
4239.5	6.867e+11
4240	6.873e+11
4240.5	6.879e+11
4241	6.886e+11
4241.5	6.894e+11
4242	6.903e+11
4242.5	6.913e+11
4243	6.925e+11
4243.5	6.937e+11
4244	6.95e+11
4244.5	6.964e+11
4245	6.979e+11
4245.5	6.994e+11
4246	7.011e+11
4246.5	7.028e+11
4247	7.046e+11
4247.5	7.064e+11
4248	7.083e+11
4248.5	7.102e+11
4249	7.123e+11
4249.5	7.143e+11
4250	7.163e+11
4250.5	7.184e+11
4251	7.205e+11
4251.5	7.227e+11
4252	7.249e+11
4252.5	7.271e+11
4253	7.293e+11
4253.5	7.315e+11
4254	7.337e+11
4254.5	7.36e+11
4255	7.383e+11
4255.5	7.405e+11
4256	7.427e+11
4256.5	7.449e+11
4257	7.472e+11
4257.5	7.495e+11
4258	7.518e+11
4258.5	7.54e+11
4259	7.562e+11
4259.5	7.585e+11
4260	7.608e+11
4260.5	7.631e+11
4261	7.654e+11
4261.5	7.677e+11
4262	7.7e+11
4262.5	7.723e+11
4263	7.747e+11
4263.5	7.771e+11
4264	7.795e+11
4264.5	7.819e+11
4265	7.843e+11
4265.5	7.867e+11
4266	7.892e+11
4266.5	7.918e+11
4267	7.944e+11
4267.5	7.97e+11
4268	7.995e+11
4268.5	8.022e+11
4269	8.049e+11
4269.5	8.076e+11
4270	8.104e+11
4270.5	8.132e+11
4271	8.159e+11
4271.5	8.187e+11
4272	8.215e+11
4272.5	8.244e+11
4273	8.273e+11
4273.5	8.302e+11
4274	8.33e+11
4274.5	8.358e+11
4275	8.387e+11
4275.5	8.416e+11
4276	8.444e+11
4276.5	8.472e+11
4277	8.498e+11
4277.5	8.525e+11
4278	8.553e+11
4278.5	8.579e+11
4279	8.604e+11
4279.5	8.629e+11
4280	8.652e+11
4280.5	8.675e+11
4281	8.698e+11
4281.5	8.719e+11
4282	8.739e+11
4282.5	8.758e+11
4283	8.775e+11
4283.5	8.792e+11
4284	8.808e+11
4284.5	8.822e+11
4285	8.835e+11
4285.5	8.847e+11
4286	8.857e+11
4286.5	8.866e+11
4287	8.874e+11
4287.5	8.88e+11
4288	8.885e+11
4288.5	8.889e+11
4289	8.891e+11
4289.5	8.891e+11
4290	8.892e+11
4290.5	8.89e+11
4291	8.888e+11
4291.5	8.884e+11
4292	8.878e+11
4292.5	8.872e+11
4293	8.866e+11
4293.5	8.858e+11
4294	8.85e+11
4294.5	8.84e+11
4295	8.83e+11
4295.5	8.819e+11
4296	8.809e+11
4296.5	8.797e+11
4297	8.786e+11
4297.5	8.774e+11
4298	8.761e+11
4298.5	8.748e+11
4299	8.737e+11
4299.5	8.725e+11
4300	8.713e+11
4300.5	8.701e+11
4301	8.689e+11
4301.5	8.678e+11
4302	8.667e+11
4302.5	8.657e+11
4303	8.648e+11
4303.5	8.638e+11
4304	8.629e+11
4304.5	8.622e+11
4305	8.615e+11
4305.5	8.609e+11
4306	8.604e+11
4306.5	8.599e+11
4307	8.595e+11
4307.5	8.592e+11
4308	8.59e+11
4308.5	8.589e+11
4309	8.588e+11
4309.5	8.588e+11
4310	8.589e+11
4310.5	8.591e+11
4311	8.593e+11
4311.5	8.596e+11
4312	8.6e+11
4312.5	8.604e+11
4313	8.608e+11
4313.5	8.614e+11
4314	8.619e+11
4314.5	8.625e+11
4315	8.631e+11
4315.5	8.637e+11
4316	8.643e+11
4316.5	8.65e+11
4317	8.656e+11
4317.5	8.662e+11
4318	8.669e+11
4318.5	8.675e+11
4319	8.68e+11
4319.5	8.687e+11
4320	8.692e+11
4320.5	8.697e+11
4321	8.702e+11
4321.5	8.706e+11
4322	8.71e+11
4322.5	8.714e+11
4323	8.717e+11
4323.5	8.72e+11
4324	8.722e+11
4324.5	8.724e+11
4325	8.725e+11
4325.5	8.727e+11
4326	8.727e+11
4326.5	8.728e+11
4327	8.728e+11
4327.5	8.728e+11
4328	8.727e+11
4328.5	8.727e+11
4329	8.726e+11
4329.5	8.725e+11
4330	8.724e+11
4330.5	8.723e+11
4331	8.722e+11
4331.5	8.721e+11
4332	8.72e+11
4332.5	8.719e+11
4333	8.719e+11
4333.5	8.718e+11
4334	8.718e+11
4334.5	8.719e+11
4335	8.719e+11
4335.5	8.72e+11
4336	8.721e+11
4336.5	8.722e+11
4337	8.723e+11
4337.5	8.725e+11
4338	8.727e+11
4338.5	8.729e+11
4339	8.732e+11
4339.5	8.734e+11
4340	8.737e+11
4340.5	8.74e+11
4341	8.743e+11
4341.5	8.745e+11
4342	8.748e+11
4342.5	8.75e+11
4343	8.752e+11
4343.5	8.754e+11
4344	8.756e+11
4344.5	8.757e+11
4345	8.757e+11
4345.5	8.757e+11
4346	8.756e+11
4346.5	8.755e+11
4347	8.753e+11
4347.5	8.75e+11
4348	8.746e+11
4348.5	8.741e+11
4349	8.736e+11
4349.5	8.73e+11
4350	8.722e+11
4350.5	8.714e+11
4351	8.705e+11
4351.5	8.694e+11
4352	8.683e+11
4352.5	8.671e+11
4353	8.658e+11
4353.5	8.645e+11
4354	8.63e+11
4354.5	8.614e+11
4355	8.598e+11
4355.5	8.582e+11
4356	8.564e+11
4356.5	8.546e+11
4357	8.528e+11
4357.5	8.509e+11
4358	8.49e+11
4358.5	8.471e+11
4359	8.452e+11
4359.5	8.432e+11
4360	8.413e+11
4360.5	8.393e+11
4361	8.374e+11
4361.5	8.355e+11
4362	8.337e+11
4362.5	8.319e+11
4363	8.301e+11
4363.5	8.284e+11
4364	8.267e+11
4364.5	8.251e+11
4365	8.236e+11
4365.5	8.222e+11
4366	8.208e+11
4366.5	8.195e+11
4367	8.182e+11
4367.5	8.171e+11
4368	8.16e+11
4368.5	8.151e+11
4369	8.141e+11
4369.5	8.133e+11
4370	8.126e+11
4370.5	8.12e+11
4371	8.114e+11
4371.5	8.109e+11
4372	8.105e+11
4372.5	8.101e+11
4373	8.098e+11
4373.5	8.096e+11
4374	8.094e+11
4374.5	8.093e+11
4375	8.094e+11
4375.5	8.093e+11
4376	8.094e+11
4376.5	8.096e+11
4377	8.097e+11
4377.5	8.1e+11
4378	8.103e+11
4378.5	8.106e+11
4379	8.11e+11
4379.5	8.114e+11
4380	8.119e+11
4380.5	8.124e+11
4381	8.13e+11
4381.5	8.136e+11
4382	8.143e+11
4382.5	8.151e+11
4383	8.159e+11
4383.5	8.167e+11
4384	8.177e+11
4384.5	8.187e+11
4385	8.198e+11
4385.5	8.21e+11
4386	8.222e+11
4386.5	8.235e+11
4387	8.25e+11
4387.5	8.265e+11
4388	8.281e+11
4388.5	8.299e+11
4389	8.317e+11
4389.5	8.336e+11
4390	8.357e+11
4390.5	8.378e+11
4391	8.401e+11
4391.5	8.425e+11
4392	8.45e+11
4392.5	8.476e+11
4393	8.505e+11
4393.5	8.533e+11
4394	8.562e+11
4394.5	8.593e+11
4395	8.626e+11
4395.5	8.66e+11
4396	8.694e+11
4396.5	8.729e+11
4397	8.766e+11
4397.5	8.804e+11
4398	8.843e+11
4398.5	8.884e+11
4399	8.925e+11
4399.5	8.966e+11
4400	9.009e+11
4400.5	9.053e+11
4401	9.098e+11
4401.5	9.145e+11
4402	9.192e+11
4402.5	9.239e+11
4403	9.288e+11
4403.5	9.337e+11
4404	9.387e+11
4404.5	9.44e+11
4405	9.492e+11
4405.5	9.544e+11
4406	9.598e+11
4406.5	9.653e+11
4407	9.709e+11
4407.5	9.767e+11
4408	9.825e+11
4408.5	9.883e+11
4409	9.943e+11
4409.5	1e+12
4410	1.007e+12
4410.5	1.013e+12
4411	1.02e+12
4411.5	1.026e+12
4412	1.033e+12
4412.5	1.04e+12
4413	1.047e+12
4413.5	1.054e+12
4414	1.061e+12
4414.5	1.069e+12
4415	1.076e+12
4415.5	1.084e+12
4416	1.092e+12
4416.5	1.1e+12
4417	1.109e+12
4417.5	1.117e+12
4418	1.126e+12
4418.5	1.135e+12
4419	1.144e+12
4419.5	1.154e+12
4420	1.163e+12
4420.5	1.173e+12
4421	1.183e+12
4421.5	1.193e+12
4422	1.204e+12
4422.5	1.215e+12
4423	1.226e+12
4423.5	1.237e+12
4424	1.248e+12
4424.5	1.26e+12
4425	1.272e+12
4425.5	1.284e+12
4426	1.297e+12
4426.5	1.31e+12
4427	1.323e+12
4427.5	1.336e+12
4428	1.35e+12
4428.5	1.364e+12
4429	1.378e+12
4429.5	1.393e+12
4430	1.407e+12
4430.5	1.423e+12
4431	1.438e+12
4431.5	1.454e+12
4432	1.47e+12
4432.5	1.487e+12
4433	1.504e+12
4433.5	1.521e+12
4434	1.539e+12
4434.5	1.557e+12
4435	1.575e+12
4435.5	1.594e+12
4436	1.613e+12
4436.5	1.632e+12
4437	1.652e+12
4437.5	1.672e+12
4438	1.693e+12
4438.5	1.714e+12
4439	1.736e+12
4439.5	1.758e+12
4440	1.78e+12
4440.5	1.803e+12
4441	1.826e+12
4441.5	1.85e+12
4442	1.874e+12
4442.5	1.899e+12
4443	1.924e+12
4443.5	1.95e+12
4444	1.976e+12
4444.5	2.002e+12
4445	2.029e+12
4445.5	2.057e+12
4446	2.085e+12
4446.5	2.113e+12
4447	2.142e+12
4447.5	2.172e+12
4448	2.202e+12
4448.5	2.233e+12
4449	2.264e+12
4449.5	2.296e+12
4450	2.328e+12
4450.5	2.36e+12
4451	2.393e+12
4451.5	2.428e+12
4452	2.462e+12
4452.5	2.497e+12
4453	2.532e+12
4453.5	2.568e+12
4454	2.604e+12
4454.5	2.642e+12
4455	2.68e+12
4455.5	2.718e+12
4456	2.757e+12
4456.5	2.796e+12
4457	2.836e+12
4457.5	2.877e+12
4458	2.919e+12
4458.5	2.96e+12
4459	3.003e+12
4459.5	3.046e+12
4460	3.089e+12
4460.5	3.134e+12
4461	3.179e+12
4461.5	3.225e+12
4462	3.271e+12
4462.5	3.318e+12
4463	3.365e+12
4463.5	3.414e+12
4464	3.463e+12
4464.5	3.512e+12
4465	3.562e+12
4465.5	3.613e+12
4466	3.665e+12
4466.5	3.717e+12
4467	3.77e+12
4467.5	3.824e+12
4468	3.878e+12
4468.5	3.933e+12
4469	3.99e+12
4469.5	4.046e+12
4470	4.103e+12
4470.5	4.161e+12
4471	4.22e+12
4471.5	4.28e+12
4472	4.341e+12
4472.5	4.402e+12
4473	4.465e+12
4473.5	4.528e+12
4474	4.591e+12
4474.5	4.656e+12
4475	4.723e+12
4475.5	4.789e+12
4476	4.857e+12
4476.5	4.925e+12
4477	4.995e+12
4477.5	5.065e+12
4478	5.138e+12
4478.5	5.21e+12
4479	5.284e+12
4479.5	5.359e+12
4480	5.434e+12
4480.5	5.511e+12
4481	5.59e+12
4481.5	5.669e+12
4482	5.75e+12
4482.5	5.831e+12
4483	5.914e+12
4483.5	5.998e+12
4484	6.084e+12
4484.5	6.171e+12
4485	6.258e+12
4485.5	6.347e+12
4486	6.437e+12
4486.5	6.529e+12
4487	6.623e+12
4487.5	6.717e+12
4488	6.812e+12
4488.5	6.909e+12
4489	7.007e+12
4489.5	7.107e+12
4490	7.208e+12
4490.5	7.31e+12
4491	7.414e+12
4491.5	7.519e+12
4492	7.624e+12
4492.5	7.733e+12
4493	7.842e+12
4493.5	7.952e+12
4494	8.064e+12
4494.5	8.177e+12
4495	8.291e+12
4495.5	8.408e+12
4496	8.525e+12
4496.5	8.644e+12
4497	8.764e+12
4497.5	8.885e+12
4498	9.007e+12
4498.5	9.133e+12
4499	9.259e+12
4499.5	9.386e+12
4500	9.514e+12
4500.5	9.644e+12
4501	9.775e+12
4501.5	9.91e+12
4502	1.004e+13
4502.5	1.018e+13
4503	1.032e+13
4503.5	1.046e+13
4504	1.06e+13
4504.5	1.074e+13
4505	1.089e+13
4505.5	1.103e+13
4506	1.118e+13
4506.5	1.133e+13
4507	1.148e+13
4507.5	1.163e+13
4508	1.179e+13
4508.5	1.194e+13
4509	1.21e+13
4509.5	1.226e+13
4510	1.242e+13
4510.5	1.259e+13
4511	1.275e+13
4511.5	1.292e+13
4512	1.309e+13
4512.5	1.326e+13
4513	1.344e+13
4513.5	1.361e+13
4514	1.379e+13
4514.5	1.397e+13
4515	1.415e+13
4515.5	1.434e+13
4516	1.453e+13
4516.5	1.471e+13
4517	1.49e+13
4517.5	1.51e+13
4518	1.529e+13
4518.5	1.549e+13
4519	1.569e+13
4519.5	1.59e+13
4520	1.61e+13
4520.5	1.631e+13
4521	1.652e+13
4521.5	1.673e+13
4522	1.695e+13
4522.5	1.716e+13
4523	1.738e+13
4523.5	1.76e+13
4524	1.783e+13
4524.5	1.806e+13
4525	1.829e+13
4525.5	1.852e+13
4526	1.875e+13
4526.5	1.899e+13
4527	1.923e+13
4527.5	1.947e+13
4528	1.972e+13
4528.5	1.996e+13
4529	2.021e+13
4529.5	2.046e+13
4530	2.071e+13
4530.5	2.097e+13
4531	2.123e+13
4531.5	2.149e+13
4532	2.175e+13
4532.5	2.201e+13
4533	2.228e+13
4533.5	2.255e+13
4534	2.282e+13
4534.5	2.309e+13
4535	2.336e+13
4535.5	2.364e+13
4536	2.392e+13
4536.5	2.419e+13
4537	2.448e+13
4537.5	2.476e+13
4538	2.504e+13
4538.5	2.533e+13
4539	2.562e+13
4539.5	2.591e+13
4540	2.62e+13
4540.5	2.649e+13
4541	2.678e+13
4541.5	2.707e+13
4542	2.737e+13
4542.5	2.766e+13
4543	2.796e+13
4543.5	2.826e+13
4544	2.855e+13
4544.5	2.885e+13
4545	2.915e+13
4545.5	2.945e+13
4546	2.975e+13
4546.5	3.005e+13
4547	3.035e+13
4547.5	3.065e+13
4548	3.095e+13
4548.5	3.125e+13
4549	3.155e+13
4549.5	3.185e+13
4550	3.215e+13
4550.5	3.245e+13
4551	3.275e+13
4551.5	3.305e+13
4552	3.334e+13
4552.5	3.364e+13
4553	3.393e+13
4553.5	3.422e+13
4554	3.451e+13
4554.5	3.48e+13
4555	3.509e+13
4555.5	3.537e+13
4556	3.566e+13
4556.5	3.594e+13
4557	3.622e+13
4557.5	3.65e+13
4558	3.677e+13
4558.5	3.704e+13
4559	3.731e+13
4559.5	3.757e+13
4560	3.784e+13
4560.5	3.81e+13
4561	3.835e+13
4561.5	3.861e+13
4562	3.885e+13
4562.5	3.91e+13
4563	3.934e+13
4563.5	3.958e+13
4564	3.981e+13
4564.5	4.004e+13
4565	4.027e+13
4565.5	4.049e+13
4566	4.07e+13
4566.5	4.091e+13
4567	4.112e+13
4567.5	4.132e+13
4568	4.152e+13
4568.5	4.171e+13
4569	4.19e+13
4569.5	4.208e+13
4570	4.225e+13
4570.5	4.242e+13
4571	4.258e+13
4571.5	4.274e+13
4572	4.29e+13
4572.5	4.304e+13
4573	4.319e+13
4573.5	4.332e+13
4574	4.345e+13
4574.5	4.357e+13
4575	4.369e+13
4575.5	4.38e+13
4576	4.391e+13
4576.5	4.401e+13
4577	4.41e+13
4577.5	4.419e+13
4578	4.427e+13
4578.5	4.435e+13
4579	4.442e+13
4579.5	4.448e+13
4580	4.454e+13
4580.5	4.459e+13
4581	4.464e+13
4581.5	4.468e+13
4582	4.471e+13
4582.5	4.474e+13
4583	4.477e+13
4583.5	4.479e+13
4584	4.48e+13
4584.5	4.481e+13
4585	4.481e+13
4585.5	4.481e+13
4586	4.48e+13
4586.5	4.479e+13
4587	4.477e+13
4587.5	4.475e+13
4588	4.472e+13
4588.5	4.469e+13
4589	4.466e+13
4589.5	4.462e+13
4590	4.458e+13
4590.5	4.453e+13
4591	4.448e+13
4591.5	4.443e+13
4592	4.437e+13
4592.5	4.431e+13
4593	4.424e+13
4593.5	4.417e+13
4594	4.41e+13
4594.5	4.403e+13
4595	4.395e+13
4595.5	4.387e+13
4596	4.379e+13
4596.5	4.37e+13
4597	4.361e+13
4597.5	4.352e+13
4598	4.342e+13
4598.5	4.333e+13
4599	4.323e+13
4599.5	4.313e+13
4600	4.302e+13
4600.5	4.292e+13
4601	4.281e+13
4601.5	4.271e+13
4602	4.26e+13
4602.5	4.248e+13
4603	4.237e+13
4603.5	4.225e+13
4604	4.213e+13
4604.5	4.202e+13
4605	4.19e+13
4605.5	4.177e+13
4606	4.165e+13
4606.5	4.152e+13
4607	4.14e+13
4607.5	4.127e+13
4608	4.114e+13
4608.5	4.101e+13
4609	4.087e+13
4609.5	4.074e+13
4610	4.061e+13
4610.5	4.047e+13
4611	4.033e+13
4611.5	4.019e+13
4612	4.005e+13
4612.5	3.99e+13
4613	3.976e+13
4613.5	3.961e+13
4614	3.946e+13
4614.5	3.931e+13
4615	3.916e+13
4615.5	3.9e+13
4616	3.885e+13
4616.5	3.869e+13
4617	3.853e+13
4617.5	3.837e+13
4618	3.82e+13
4618.5	3.804e+13
4619	3.787e+13
4619.5	3.77e+13
4620	3.753e+13
4620.5	3.735e+13
4621	3.717e+13
4621.5	3.699e+13
4622	3.681e+13
4622.5	3.663e+13
4623	3.644e+13
4623.5	3.624e+13
4624	3.605e+13
4624.5	3.585e+13
4625	3.566e+13
4625.5	3.545e+13
4626	3.525e+13
4626.5	3.504e+13
4627	3.483e+13
4627.5	3.461e+13
4628	3.44e+13
4628.5	3.418e+13
4629	3.395e+13
4629.5	3.372e+13
4630	3.349e+13
4630.5	3.326e+13
4631	3.302e+13
4631.5	3.278e+13
4632	3.254e+13
4632.5	3.229e+13
4633	3.204e+13
4633.5	3.179e+13
4634	3.154e+13
4634.5	3.128e+13
4635	3.102e+13
4635.5	3.075e+13
4636	3.048e+13
4636.5	3.021e+13
4637	2.994e+13
4637.5	2.966e+13
4638	2.938e+13
4638.5	2.909e+13
4639	2.881e+13
4639.5	2.852e+13
4640	2.823e+13
4640.5	2.794e+13
4641	2.764e+13
4641.5	2.734e+13
4642	2.704e+13
4642.5	2.674e+13
4643	2.643e+13
4643.5	2.612e+13
4644	2.581e+13
4644.5	2.55e+13
4645	2.519e+13
4645.5	2.487e+13
4646	2.456e+13
4646.5	2.424e+13
4647	2.392e+13
4647.5	2.36e+13
4648	2.327e+13
4648.5	2.295e+13
4649	2.263e+13
4649.5	2.23e+13
4650	2.198e+13
4650.5	2.165e+13
4651	2.132e+13
4651.5	2.1e+13
4652	2.067e+13
4652.5	2.034e+13
4653	2.002e+13
4653.5	1.969e+13
4654	1.936e+13
4654.5	1.903e+13
4655	1.871e+13
4655.5	1.838e+13
4656	1.806e+13
4656.5	1.773e+13
4657	1.741e+13
4657.5	1.709e+13
4658	1.677e+13
4658.5	1.646e+13
4659	1.614e+13
4659.5	1.583e+13
4660	1.551e+13
4660.5	1.52e+13
4661	1.49e+13
4661.5	1.459e+13
4662	1.429e+13
4662.5	1.399e+13
4663	1.369e+13
4663.5	1.34e+13
4664	1.31e+13
4664.5	1.282e+13
4665	1.253e+13
4665.5	1.225e+13
4666	1.197e+13
4666.5	1.169e+13
4667	1.142e+13
4667.5	1.115e+13
4668	1.089e+13
4668.5	1.063e+13
4669	1.037e+13
4669.5	1.012e+13
4670	9.867e+12
4670.5	9.623e+12
4671	9.382e+12
4671.5	9.143e+12
4672	8.91e+12
4672.5	8.682e+12
4673	8.458e+12
4673.5	8.237e+12
4674	8.021e+12
4674.5	7.808e+12
4675	7.6e+12
4675.5	7.397e+12
4676	7.198e+12
4676.5	7.003e+12
4677	6.812e+12
4677.5	6.624e+12
4678	6.441e+12
4678.5	6.263e+12
4679	6.089e+12
4679.5	5.919e+12
4680	5.753e+12
4680.5	5.589e+12
4681	5.431e+12
4681.5	5.276e+12
4682	5.126e+12
4682.5	4.979e+12
4683	4.834e+12
4683.5	4.696e+12
4684	4.56e+12
4684.5	4.428e+12
4685	4.3e+12
4685.5	4.175e+12
4686	4.052e+12
4686.5	3.934e+12
4687	3.819e+12
4687.5	3.708e+12
4688	3.599e+12
4688.5	3.494e+12
4689	3.39e+12
4689.5	3.291e+12
4690	3.195e+12
4690.5	3.101e+12
4691	3.011e+12
4691.5	2.923e+12
4692	2.836e+12
4692.5	2.753e+12
4693	2.673e+12
4693.5	2.595e+12
4694	2.52e+12
4694.5	2.447e+12
4695	2.375e+12
4695.5	2.307e+12
4696	2.24e+12
4696.5	2.176e+12
4697	2.114e+12
4697.5	2.054e+12
4698	1.994e+12
4698.5	1.938e+12
4699	1.883e+12
4699.5	1.831e+12
4700	1.779e+12
4700.5	1.73e+12
4701	1.681e+12
4701.5	1.635e+12
4702	1.59e+12
4702.5	1.546e+12
4703	1.505e+12
4703.5	1.464e+12
4704	1.424e+12
4704.5	1.386e+12
4705	1.349e+12
4705.5	1.314e+12
4706	1.279e+12
4706.5	1.246e+12
4707	1.213e+12
4707.5	1.182e+12
4708	1.152e+12
4708.5	1.123e+12
4709	1.095e+12
4709.5	1.067e+12
4710	1.04e+12
4710.5	1.015e+12
4711	9.903e+11
4711.5	9.664e+11
4712	9.433e+11
4712.5	9.209e+11
4713	8.988e+11
4713.5	8.778e+11
4714	8.576e+11
4714.5	8.379e+11
4715	8.189e+11
4715.5	8.004e+11
4716	7.822e+11
4716.5	7.649e+11
4717	7.482e+11
4717.5	7.32e+11
4718	7.162e+11
4718.5	7.01e+11
4719	6.859e+11
4719.5	6.716e+11
4720	6.577e+11
4720.5	6.443e+11
4721	6.312e+11
4721.5	6.186e+11
4722	6.06e+11
4722.5	5.941e+11
4723	5.826e+11
4723.5	5.714e+11
4724	5.605e+11
4724.5	5.499e+11
4725	5.394e+11
4725.5	5.295e+11
4726	5.198e+11
4726.5	5.104e+11
4727	5.012e+11
4727.5	4.924e+11
4728	4.835e+11
4728.5	4.752e+11
4729	4.67e+11
4729.5	4.591e+11
4730	4.514e+11
4730.5	4.439e+11
4731	4.364e+11
4731.5	4.293e+11
4732	4.224e+11
4732.5	4.157e+11
4733	4.091e+11
4733.5	4.027e+11
4734	3.964e+11
4734.5	3.903e+11
4735	3.844e+11
4735.5	3.787e+11
4736	3.73e+11
4736.5	3.676e+11
4737	3.621e+11
4737.5	3.57e+11
4738	3.519e+11
4738.5	3.469e+11
4739	3.421e+11
4739.5	3.374e+11
4740	3.327e+11
4740.5	3.282e+11
4741	3.239e+11
4741.5	3.196e+11
4742	3.154e+11
4742.5	3.113e+11
4743	3.073e+11
4743.5	3.034e+11
4744	2.996e+11
4744.5	2.958e+11
4745	2.922e+11
4745.5	2.887e+11
4746	2.851e+11
4746.5	2.817e+11
4747	2.784e+11
4747.5	2.751e+11
4748	2.719e+11
4748.5	2.688e+11
4749	2.657e+11
4749.5	2.627e+11
4750	2.598e+11
4750.5	2.569e+11
4751	2.541e+11
4751.5	2.514e+11
4752	2.486e+11
4752.5	2.46e+11
4753	2.434e+11
4753.5	2.409e+11
4754	2.384e+11
4754.5	2.36e+11
4755	2.336e+11
4755.5	2.312e+11
4756	2.289e+11
4756.5	2.267e+11
4757	2.245e+11
4757.5	2.223e+11
4758	2.201e+11
4758.5	2.181e+11
4759	2.16e+11
4759.5	2.14e+11
4760	2.12e+11
4760.5	2.101e+11
4761	2.082e+11
4761.5	2.063e+11
4762	2.045e+11
4762.5	2.027e+11
4763	2.009e+11
4763.5	1.992e+11
4764	1.974e+11
4764.5	1.958e+11
4765	1.941e+11
4765.5	1.925e+11
4766	1.909e+11
4766.5	1.894e+11
4767	1.878e+11
4767.5	1.863e+11
4768	1.848e+11
4768.5	1.833e+11
4769	1.819e+11
4769.5	1.805e+11
4770	1.791e+11
4770.5	1.777e+11
4771	1.764e+11
4771.5	1.75e+11
4772	1.738e+11
4772.5	1.725e+11
4773	1.712e+11
4773.5	1.699e+11
4774	1.687e+11
4774.5	1.675e+11
4775	1.663e+11
4775.5	1.652e+11
4776	1.64e+11
4776.5	1.629e+11
4777	1.618e+11
4777.5	1.607e+11
4778	1.596e+11
4778.5	1.585e+11
4779	1.575e+11
4779.5	1.564e+11
4780	1.554e+11
4780.5	1.544e+11
4781	1.534e+11
4781.5	1.525e+11
4782	1.515e+11
4782.5	1.505e+11
4783	1.496e+11
4783.5	1.487e+11
4784	1.478e+11
4784.5	1.469e+11
4785	1.46e+11
4785.5	1.451e+11
4786	1.443e+11
4786.5	1.435e+11
4787	1.426e+11
4787.5	1.418e+11
4788	1.41e+11
4788.5	1.402e+11
4789	1.394e+11
4789.5	1.386e+11
4790	1.379e+11
4790.5	1.371e+11
4791	1.363e+11
4791.5	1.356e+11
4792	1.349e+11
4792.5	1.342e+11
4793	1.335e+11
4793.5	1.328e+11
4794	1.321e+11
4794.5	1.314e+11
4795	1.307e+11
4795.5	1.301e+11
4796	1.294e+11
4796.5	1.288e+11
4797	1.281e+11
4797.5	1.275e+11
4798	1.269e+11
4798.5	1.263e+11
4799	1.257e+11
4799.5	1.251e+11
4800	1.245e+11
4800.5	1.239e+11
4801	1.233e+11
4801.5	1.228e+11
4802	1.222e+11
4802.5	1.216e+11
4803	1.211e+11
4803.5	1.206e+11
4804	1.2e+11
4804.5	1.195e+11
4805	1.19e+11
4805.5	1.185e+11
4806	1.18e+11
4806.5	1.175e+11
4807	1.17e+11
4807.5	1.165e+11
4808	1.16e+11
4808.5	1.155e+11
4809	1.15e+11
4809.5	1.146e+11
4810	1.141e+11
4810.5	1.137e+11
4811	1.132e+11
4811.5	1.128e+11
4812	1.123e+11
4812.5	1.119e+11
4813	1.115e+11
4813.5	1.111e+11
4814	1.106e+11
4814.5	1.102e+11
4815	1.098e+11
4815.5	1.094e+11
4816	1.09e+11
4816.5	1.086e+11
4817	1.082e+11
4817.5	1.078e+11
4818	1.074e+11
4818.5	1.071e+11
4819	1.067e+11
4819.5	1.063e+11
4820	1.06e+11
4820.5	1.056e+11
4821	1.052e+11
4821.5	1.049e+11
4822	1.045e+11
4822.5	1.042e+11
4823	1.038e+11
4823.5	1.035e+11
4824	1.032e+11
4824.5	1.028e+11
4825	1.025e+11
4825.5	1.022e+11
4826	1.019e+11
4826.5	1.015e+11
4827	1.012e+11
4827.5	1.009e+11
4828	1.006e+11
4828.5	1.003e+11
4829	9.999e+10
4829.5	9.969e+10
4830	9.939e+10
4830.5	9.911e+10
4831	9.882e+10
4831.5	9.853e+10
4832	9.825e+10
4832.5	9.796e+10
4833	9.769e+10
4833.5	9.742e+10
4834	9.715e+10
4834.5	9.688e+10
4835	9.662e+10
4835.5	9.635e+10
4836	9.609e+10
4836.5	9.584e+10
4837	9.558e+10
4837.5	9.533e+10
4838	9.508e+10
4838.5	9.483e+10
4839	9.458e+10
4839.5	9.435e+10
4840	9.411e+10
4840.5	9.387e+10
4841	9.364e+10
4841.5	9.34e+10
4842	9.317e+10
4842.5	9.295e+10
4843	9.272e+10
4843.5	9.25e+10
4844	9.228e+10
4844.5	9.205e+10
4845	9.184e+10
4845.5	9.163e+10
4846	9.142e+10
4846.5	9.121e+10
4847	9.1e+10
4847.5	9.079e+10
4848	9.059e+10
4848.5	9.039e+10
4849	9.019e+10
4849.5	8.999e+10
4850	8.98e+10
4850.5	8.959e+10
4851	8.941e+10
4851.5	8.922e+10
4852	8.903e+10
4852.5	8.884e+10
4853	8.866e+10
4853.5	8.847e+10
4854	8.829e+10
4854.5	8.811e+10
4855	8.794e+10
4855.5	8.776e+10
4856	8.759e+10
4856.5	8.74e+10
4857	8.724e+10
4857.5	8.707e+10
4858	8.69e+10
4858.5	8.674e+10
4859	8.657e+10
4859.5	8.64e+10
4860	8.625e+10
4860.5	8.609e+10
4861	8.593e+10
4861.5	8.577e+10
4862	8.562e+10
4862.5	8.545e+10
4863	8.531e+10
4863.5	8.516e+10
4864	8.501e+10
4864.5	8.486e+10
4865	8.471e+10
4865.5	8.456e+10
4866	8.442e+10
4866.5	8.428e+10
4867	8.414e+10
4867.5	8.4e+10
4868	8.386e+10
4868.5	8.371e+10
4869	8.358e+10
4869.5	8.345e+10
4870	8.332e+10
4870.5	8.318e+10
4871	8.305e+10
4871.5	8.292e+10
4872	8.279e+10
4872.5	8.266e+10
4873	8.254e+10
4873.5	8.241e+10
4874	8.229e+10
4874.5	8.216e+10
4875	8.204e+10
4875.5	8.192e+10
4876	8.18e+10
4876.5	8.168e+10
4877	8.157e+10
4877.5	8.145e+10
4878	8.133e+10
4878.5	8.122e+10
4879	8.111e+10
4879.5	8.099e+10
4880	8.088e+10
4880.5	8.077e+10
4881	8.066e+10
4881.5	8.056e+10
4882	8.045e+10
4882.5	8.034e+10
4883	8.024e+10
4883.5	8.013e+10
4884	8.003e+10
4884.5	7.993e+10
4885	7.983e+10
4885.5	7.973e+10
4886	7.963e+10
4886.5	7.953e+10
4887	7.943e+10
4887.5	7.933e+10
4888	7.924e+10
4888.5	7.914e+10
4889	7.905e+10
4889.5	7.896e+10
4890	7.886e+10
4890.5	7.877e+10
4891	7.868e+10
4891.5	7.859e+10
4892	7.85e+10
4892.5	7.842e+10
4893	7.833e+10
4893.5	7.824e+10
4894	7.816e+10
4894.5	7.807e+10
4895	7.799e+10
4895.5	7.791e+10
4896	7.783e+10
4896.5	7.774e+10
4897	7.766e+10
4897.5	7.758e+10
4898	7.751e+10
4898.5	7.743e+10
4899	7.735e+10
4899.5	7.727e+10
4900	7.72e+10
4900.5	7.712e+10
4901	7.705e+10
4901.5	7.697e+10
4902	7.69e+10
4902.5	7.683e+10
4903	7.676e+10
4903.5	7.668e+10
4904	7.661e+10
4904.5	7.654e+10
4905	7.647e+10
4905.5	7.641e+10
4906	7.634e+10
4906.5	7.627e+10
4907	7.62e+10
4907.5	7.614e+10
4908	7.607e+10
4908.5	7.601e+10
4909	7.594e+10
4909.5	7.588e+10
4910	7.582e+10
4910.5	7.576e+10
4911	7.569e+10
4911.5	7.563e+10
4912	7.557e+10
4912.5	7.551e+10
4913	7.545e+10
4913.5	7.539e+10
4914	7.534e+10
4914.5	7.528e+10
4915	7.522e+10
4915.5	7.516e+10
4916	7.511e+10
4916.5	7.505e+10
4917	7.5e+10
4917.5	7.494e+10
4918	7.489e+10
4918.5	7.484e+10
4919	7.478e+10
4919.5	7.473e+10
4920	7.468e+10
4920.5	7.462e+10
4921	7.457e+10
4921.5	7.453e+10
4922	7.447e+10
4922.5	7.442e+10
4923	7.437e+10
4923.5	7.432e+10
4924	7.428e+10
4924.5	7.423e+10
4925	7.418e+10
4925.5	7.413e+10
4926	7.409e+10
4926.5	7.404e+10
4927	7.399e+10
4927.5	7.395e+10
4928	7.39e+10
4928.5	7.386e+10
4929	7.381e+10
4929.5	7.377e+10
4930	7.373e+10
4930.5	7.369e+10
4931	7.364e+10
4931.5	7.36e+10
4932	7.356e+10
4932.5	7.352e+10
4933	7.347e+10
4933.5	7.344e+10
4934	7.339e+10
4934.5	7.335e+10
4935	7.331e+10
4935.5	7.327e+10
4936	7.323e+10
4936.5	7.32e+10
4937	7.316e+10
4937.5	7.312e+10
4938	7.308e+10
4938.5	7.305e+10
4939	7.301e+10
4939.5	7.298e+10
4940	7.294e+10
4940.5	7.29e+10
4941	7.287e+10
4941.5	7.283e+10
4942	7.28e+10
4942.5	7.277e+10
4943	7.273e+10
4943.5	7.27e+10
4944	7.266e+10
4944.5	7.263e+10
4945	7.26e+10
4945.5	7.257e+10
4946	7.253e+10
4946.5	7.25e+10
4947	7.247e+10
4947.5	7.244e+10
4948	7.242e+10
4948.5	7.239e+10
4949	7.235e+10
4949.5	7.233e+10
4950	7.23e+10
4950.5	7.227e+10
4951	7.225e+10
4951.5	7.222e+10
4952	7.219e+10
4952.5	7.216e+10
4953	7.213e+10
4953.5	7.211e+10
4954	7.209e+10
4954.5	7.206e+10
4955	7.203e+10
4955.5	7.201e+10
4956	7.198e+10
4956.5	7.196e+10
4957	7.194e+10
4957.5	7.192e+10
4958	7.189e+10
4958.5	7.187e+10
4959	7.184e+10
4959.5	7.182e+10
4960	7.18e+10
4960.5	7.178e+10
4961	7.176e+10
4961.5	7.174e+10
4962	7.171e+10
4962.5	7.169e+10
4963	7.168e+10
4963.5	7.166e+10
4964	7.163e+10
4964.5	7.161e+10
4965	7.159e+10
4965.5	7.158e+10
4966	7.156e+10
4966.5	7.154e+10
4967	7.152e+10
4967.5	7.15e+10
4968	7.148e+10
4968.5	7.147e+10
4969	7.145e+10
4969.5	7.143e+10
4970	7.141e+10
4970.5	7.139e+10
4971	7.138e+10
4971.5	7.137e+10
4972	7.135e+10
4972.5	7.133e+10
4973	7.131e+10
4973.5	7.13e+10
4974	7.128e+10
4974.5	7.127e+10
4975	7.125e+10
4975.5	7.124e+10
4976	7.122e+10
4976.5	7.12e+10
4977	7.119e+10
4977.5	7.118e+10
4978	7.117e+10
4978.5	7.115e+10
4979	7.113e+10
4979.5	7.112e+10
4980	7.111e+10
4980.5	7.11e+10
4981	7.108e+10
4981.5	7.107e+10
4982	7.105e+10
4982.5	7.104e+10
4983	7.103e+10
4983.5	7.102e+10
4984	7.101e+10
4984.5	7.1e+10
4985	7.098e+10
4985.5	7.097e+10
4986	7.096e+10
4986.5	7.096e+10
4987	7.095e+10
4987.5	7.093e+10
4988	7.092e+10
4988.5	7.091e+10
4989	7.09e+10
4989.5	7.09e+10
4990	7.089e+10
4990.5	7.088e+10
4991	7.086e+10
4991.5	7.085e+10
4992	7.085e+10
4992.5	7.084e+10
4993	7.083e+10
4993.5	7.083e+10
4994	7.081e+10
4994.5	7.081e+10
4995	7.08e+10
4995.5	7.08e+10
4996	7.079e+10
4996.5	7.078e+10
4997	7.077e+10
4997.5	7.077e+10
4998	7.076e+10
4998.5	7.076e+10
4999	7.075e+10
4999.5	7.075e+10
5000	7.074e+10
5000.5	7.073e+10
5001	7.073e+10
5001.5	7.073e+10
5002	7.072e+10
5002.5	7.072e+10
5003	7.071e+10
5003.5	7.07e+10
5004	7.07e+10
5004.5	7.07e+10
5005	7.069e+10
5005.5	7.069e+10
5006	7.068e+10
5006.5	7.068e+10
5007	7.068e+10
5007.5	7.068e+10
5008	7.067e+10
5008.5	7.067e+10
5009	7.066e+10
5009.5	7.066e+10
5010	7.066e+10
5010.5	7.066e+10
5011	7.066e+10
5011.5	7.066e+10
5012	7.065e+10
5012.5	7.065e+10
5013	7.065e+10
5013.5	7.065e+10
5014	7.065e+10
5014.5	7.065e+10
5015	7.065e+10
5015.5	7.065e+10
5016	7.065e+10
5016.5	7.065e+10
5017	7.065e+10
5017.5	7.064e+10
5018	7.064e+10
5018.5	7.065e+10
5019	7.065e+10
5019.5	7.065e+10
5020	7.065e+10
5020.5	7.065e+10
5021	7.065e+10
5021.5	7.066e+10
5022	7.066e+10
5022.5	7.066e+10
5023	7.066e+10
5023.5	7.066e+10
5024	7.066e+10
5024.5	7.067e+10
5025	7.068e+10
5025.5	7.068e+10
5026	7.068e+10
5026.5	7.068e+10
5027	7.068e+10
5027.5	7.069e+10
5028	7.07e+10
5028.5	7.07e+10
5029	7.071e+10
5029.5	7.071e+10
5030	7.071e+10
5030.5	7.072e+10
5031	7.073e+10
5031.5	7.073e+10
5032	7.074e+10
5032.5	7.074e+10
5033	7.074e+10
5033.5	7.076e+10
5034	7.076e+10
5034.5	7.077e+10
5035	7.078e+10
5035.5	7.078e+10
5036	7.079e+10
5036.5	7.08e+10
5037	7.08e+10
5037.5	7.081e+10
5038	7.082e+10
5038.5	7.082e+10
5039	7.083e+10
5039.5	7.084e+10
5040	7.085e+10
5040.5	7.085e+10
5041	7.086e+10
5041.5	7.086e+10
5042	7.087e+10
5042.5	7.088e+10
5043	7.089e+10
5043.5	7.09e+10
5044	7.091e+10
5044.5	7.091e+10
5045	7.092e+10
5045.5	7.093e+10
5046	7.094e+10
5046.5	7.094e+10
5047	7.095e+10
5047.5	7.095e+10
5048	7.097e+10
5048.5	7.098e+10
5049	7.098e+10
5049.5	7.099e+10
5050	7.1e+10
5050.5	7.1e+10
5051	7.101e+10
5051.5	7.102e+10
5052	7.103e+10
5052.5	7.104e+10
5053	7.105e+10
5053.5	7.105e+10
5054	7.106e+10
5054.5	7.107e+10
5055	7.108e+10
5055.5	7.109e+10
5056	7.109e+10
5056.5	7.11e+10
5057	7.111e+10
5057.5	7.112e+10
5058	7.113e+10
5058.5	7.113e+10
5059	7.114e+10
5059.5	7.115e+10
5060	7.116e+10
5060.5	7.117e+10
5061	7.118e+10
5061.5	7.118e+10
5062	7.119e+10
5062.5	7.12e+10
5063	7.121e+10
5063.5	7.122e+10
5064	7.123e+10
5064.5	7.123e+10
5065	7.124e+10
5065.5	7.125e+10
5066	7.126e+10
5066.5	7.127e+10
5067	7.128e+10
5067.5	7.129e+10
5068	7.13e+10
5068.5	7.131e+10
5069	7.132e+10
5069.5	7.133e+10
5070	7.134e+10
5070.5	7.135e+10
5071	7.136e+10
5071.5	7.137e+10
5072	7.138e+10
5072.5	7.139e+10
5073	7.14e+10
5073.5	7.141e+10
5074	7.142e+10
5074.5	7.144e+10
5075	7.145e+10
5075.5	7.146e+10
5076	7.147e+10
5076.5	7.148e+10
5077	7.15e+10
5077.5	7.151e+10
5078	7.152e+10
5078.5	7.154e+10
5079	7.155e+10
5079.5	7.156e+10
5080	7.158e+10
5080.5	7.159e+10
5081	7.16e+10
5081.5	7.162e+10
5082	7.163e+10
5082.5	7.165e+10
5083	7.166e+10
5083.5	7.168e+10
5084	7.169e+10
5084.5	7.171e+10
5085	7.173e+10
5085.5	7.174e+10
5086	7.176e+10
5086.5	7.177e+10
5087	7.179e+10
5087.5	7.181e+10
5088	7.182e+10
5088.5	7.184e+10
5089	7.186e+10
5089.5	7.187e+10
5090	7.189e+10
5090.5	7.191e+10
5091	7.192e+10
5091.5	7.194e+10
5092	7.196e+10
5092.5	7.197e+10
5093	7.199e+10
5093.5	7.201e+10
5094	7.203e+10
5094.5	7.204e+10
5095	7.206e+10
5095.5	7.208e+10
5096	7.209e+10
5096.5	7.211e+10
5097	7.213e+10
5097.5	7.215e+10
5098	7.217e+10
5098.5	7.218e+10
5099	7.22e+10
5099.5	7.221e+10
5100	7.223e+10
5100.5	7.225e+10
5101	7.227e+10
5101.5	7.228e+10
5102	7.23e+10
5102.5	7.231e+10
5103	7.233e+10
5103.5	7.235e+10
5104	7.237e+10
5104.5	7.238e+10
5105	7.24e+10
5105.5	7.241e+10
5106	7.243e+10
5106.5	7.244e+10
5107	7.247e+10
5107.5	7.248e+10
5108	7.249e+10
5108.5	7.251e+10
5109	7.253e+10
5109.5	7.255e+10
5110	7.256e+10
5110.5	7.257e+10
5111	7.259e+10
5111.5	7.261e+10
5112	7.262e+10
5112.5	7.265e+10
5113	7.266e+10
5113.5	7.268e+10
5114	7.269e+10
5114.5	7.271e+10
5115	7.273e+10
5115.5	7.275e+10
5116	7.277e+10
5116.5	7.278e+10
5117	7.28e+10
5117.5	7.282e+10
5118	7.284e+10
5118.5	7.286e+10
5119	7.288e+10
5119.5	7.289e+10
5120	7.292e+10
5120.5	7.294e+10
5121	7.296e+10
5121.5	7.298e+10
5122	7.3e+10
5122.5	7.302e+10
5123	7.304e+10
5123.5	7.307e+10
5124	7.309e+10
5124.5	7.312e+10
5125	7.314e+10
5125.5	7.316e+10
5126	7.319e+10
5126.5	7.321e+10
5127	7.324e+10
5127.5	7.327e+10
5128	7.329e+10
5128.5	7.332e+10
5129	7.335e+10
5129.5	7.338e+10
5130	7.34e+10
5130.5	7.344e+10
5131	7.346e+10
5131.5	7.349e+10
5132	7.352e+10
5132.5	7.356e+10
5133	7.359e+10
5133.5	7.362e+10
5134	7.365e+10
5134.5	7.368e+10
5135	7.372e+10
5135.5	7.375e+10
5136	7.379e+10
5136.5	7.382e+10
5137	7.385e+10
5137.5	7.388e+10
5138	7.392e+10
5138.5	7.395e+10
5139	7.399e+10
5139.5	7.403e+10
5140	7.406e+10
5140.5	7.409e+10
5141	7.412e+10
5141.5	7.416e+10
5142	7.42e+10
5142.5	7.423e+10
5143	7.426e+10
5143.5	7.429e+10
5144	7.433e+10
5144.5	7.436e+10
5145	7.44e+10
5145.5	7.443e+10
5146	7.446e+10
5146.5	7.449e+10
5147	7.452e+10
5147.5	7.455e+10
5148	7.458e+10
5148.5	7.461e+10
5149	7.464e+10
5149.5	7.467e+10
5150	7.469e+10
5150.5	7.472e+10
5151	7.475e+10
5151.5	7.478e+10
5152	7.48e+10
5152.5	7.482e+10
5153	7.485e+10
5153.5	7.487e+10
5154	7.49e+10
5154.5	7.492e+10
5155	7.493e+10
5155.5	7.496e+10
5156	7.498e+10
5156.5	7.5e+10
5157	7.502e+10
5157.5	7.504e+10
5158	7.505e+10
5158.5	7.507e+10
5159	7.508e+10
5159.5	7.51e+10
5160	7.512e+10
5160.5	7.513e+10
5161	7.515e+10
5161.5	7.516e+10
5162	7.517e+10
5162.5	7.519e+10
5163	7.521e+10
5163.5	7.522e+10
5164	7.523e+10
5164.5	7.525e+10
5165	7.526e+10
5165.5	7.528e+10
5166	7.529e+10
5166.5	7.531e+10
5167	7.532e+10
5167.5	7.533e+10
5168	7.535e+10
5168.5	7.537e+10
5169	7.538e+10
5169.5	7.54e+10
5170	7.541e+10
5170.5	7.543e+10
5171	7.544e+10
5171.5	7.547e+10
5172	7.548e+10
5172.5	7.55e+10
5173	7.552e+10
5173.5	7.554e+10
5174	7.556e+10
5174.5	7.559e+10
5175	7.561e+10
5175.5	7.563e+10
5176	7.565e+10
5176.5	7.568e+10
5177	7.57e+10
5177.5	7.574e+10
5178	7.576e+10
5178.5	7.579e+10
5179	7.582e+10
5179.5	7.585e+10
5180	7.588e+10
5180.5	7.591e+10
5181	7.595e+10
5181.5	7.598e+10
5182	7.601e+10
5182.5	7.604e+10
5183	7.608e+10
5183.5	7.612e+10
5184	7.616e+10
5184.5	7.619e+10
5185	7.623e+10
5185.5	7.626e+10
5186	7.631e+10
5186.5	7.635e+10
5187	7.639e+10
5187.5	7.643e+10
5188	7.646e+10
5188.5	7.651e+10
5189	7.655e+10
5189.5	7.659e+10
5190	7.664e+10
5190.5	7.668e+10
5191	7.671e+10
5191.5	7.676e+10
5192	7.68e+10
5192.5	7.685e+10
5193	7.689e+10
5193.5	7.693e+10
5194	7.697e+10
5194.5	7.701e+10
5195	7.705e+10
5195.5	7.709e+10
5196	7.714e+10
5196.5	7.718e+10
5197	7.721e+10
5197.5	7.725e+10
5198	7.729e+10
5198.5	7.733e+10
5199	7.737e+10
5199.5	7.74e+10
5200	7.744e+10
5200.5	7.747e+10
5201	7.751e+10
5201.5	7.755e+10
5202	7.758e+10
5202.5	7.761e+10
5203	7.764e+10
5203.5	7.768e+10
5204	7.771e+10
5204.5	7.774e+10
5205	7.777e+10
5205.5	7.78e+10
5206	7.782e+10
5206.5	7.785e+10
5207	7.788e+10
5207.5	7.79e+10
5208	7.793e+10
5208.5	7.795e+10
5209	7.797e+10
5209.5	7.8e+10
5210	7.803e+10
5210.5	7.805e+10
5211	7.807e+10
5211.5	7.809e+10
5212	7.811e+10
5212.5	7.814e+10
5213	7.816e+10
5213.5	7.818e+10
5214	7.82e+10
5214.5	7.822e+10
5215	7.824e+10
5215.5	7.827e+10
5216	7.829e+10
5216.5	7.831e+10
5217	7.833e+10
5217.5	7.836e+10
5218	7.838e+10
5218.5	7.841e+10
5219	7.843e+10
5219.5	7.846e+10
5220	7.849e+10
5220.5	7.852e+10
5221	7.854e+10
5221.5	7.858e+10
5222	7.861e+10
5222.5	7.864e+10
5223	7.868e+10
5223.5	7.872e+10
5224	7.875e+10
5224.5	7.879e+10
5225	7.883e+10
5225.5	7.888e+10
5226	7.892e+10
5226.5	7.897e+10
5227	7.901e+10
5227.5	7.906e+10
5228	7.912e+10
5228.5	7.917e+10
5229	7.922e+10
5229.5	7.928e+10
5230	7.934e+10
5230.5	7.94e+10
5231	7.946e+10
5231.5	7.953e+10
5232	7.959e+10
5232.5	7.966e+10
5233	7.973e+10
5233.5	7.98e+10
5234	7.987e+10
5234.5	7.995e+10
5235	8.002e+10
5235.5	8.01e+10
5236	8.017e+10
5236.5	8.025e+10
5237	8.033e+10
5237.5	8.041e+10
5238	8.049e+10
5238.5	8.057e+10
5239	8.065e+10
5239.5	8.073e+10
5240	8.082e+10
5240.5	8.09e+10
5241	8.098e+10
5241.5	8.105e+10
5242	8.114e+10
5242.5	8.122e+10
5243	8.13e+10
5243.5	8.138e+10
5244	8.145e+10
5244.5	8.152e+10
5245	8.16e+10
5245.5	8.168e+10
5246	8.175e+10
5246.5	8.182e+10
5247	8.189e+10
5247.5	8.195e+10
5248	8.202e+10
5248.5	8.208e+10
5249	8.214e+10
5249.5	8.219e+10
5250	8.225e+10
5250.5	8.23e+10
5251	8.235e+10
5251.5	8.239e+10
5252	8.244e+10
5252.5	8.248e+10
5253	8.252e+10
5253.5	8.255e+10
5254	8.258e+10
5254.5	8.262e+10
5255	8.264e+10
5255.5	8.267e+10
5256	8.269e+10
5256.5	8.271e+10
5257	8.273e+10
5257.5	8.274e+10
5258	8.276e+10
5258.5	8.277e+10
5259	8.278e+10
5259.5	8.278e+10
5260	8.279e+10
5260.5	8.279e+10
5261	8.28e+10
5261.5	8.28e+10
5262	8.279e+10
5262.5	8.279e+10
5263	8.279e+10
5263.5	8.279e+10
5264	8.278e+10
5264.5	8.278e+10
5265	8.278e+10
5265.5	8.277e+10
5266	8.277e+10
5266.5	8.276e+10
5267	8.276e+10
5267.5	8.276e+10
5268	8.275e+10
5268.5	8.275e+10
5269	8.275e+10
5269.5	8.276e+10
5270	8.276e+10
5270.5	8.276e+10
5271	8.277e+10
5271.5	8.278e+10
5272	8.278e+10
5272.5	8.28e+10
5273	8.281e+10
5273.5	8.282e+10
5274	8.284e+10
5274.5	8.286e+10
5275	8.288e+10
5275.5	8.291e+10
5276	8.293e+10
5276.5	8.296e+10
5277	8.299e+10
5277.5	8.302e+10
5278	8.306e+10
5278.5	8.31e+10
5279	8.314e+10
5279.5	8.318e+10
5280	8.323e+10
5280.5	8.327e+10
5281	8.332e+10
5281.5	8.337e+10
5282	8.342e+10
5282.5	8.348e+10
5283	8.354e+10
5283.5	8.36e+10
5284	8.366e+10
5284.5	8.372e+10
5285	8.378e+10
5285.5	8.385e+10
5286	8.392e+10
5286.5	8.399e+10
5287	8.406e+10
5287.5	8.413e+10
5288	8.42e+10
5288.5	8.427e+10
5289	8.435e+10
5289.5	8.442e+10
5290	8.449e+10
5290.5	8.456e+10
5291	8.464e+10
5291.5	8.471e+10
5292	8.479e+10
5292.5	8.486e+10
5293	8.493e+10
5293.5	8.501e+10
5294	8.508e+10
5294.5	8.515e+10
5295	8.523e+10
5295.5	8.53e+10
5296	8.537e+10
5296.5	8.543e+10
5297	8.55e+10
5297.5	8.557e+10
5298	8.564e+10
5298.5	8.57e+10
5299	8.576e+10
5299.5	8.582e+10
5300	8.588e+10
5300.5	8.594e+10
5301	8.599e+10
5301.5	8.604e+10
5302	8.609e+10
5302.5	8.614e+10
5303	8.619e+10
5303.5	8.624e+10
5304	8.628e+10
5304.5	8.632e+10
5305	8.636e+10
5305.5	8.64e+10
5306	8.643e+10
5306.5	8.647e+10
5307	8.65e+10
5307.5	8.653e+10
5308	8.656e+10
5308.5	8.658e+10
5309	8.661e+10
5309.5	8.664e+10
5310	8.666e+10
5310.5	8.668e+10
5311	8.67e+10
5311.5	8.672e+10
5312	8.673e+10
5312.5	8.676e+10
5313	8.678e+10
5313.5	8.679e+10
5314	8.681e+10
5314.5	8.682e+10
5315	8.684e+10
5315.5	8.686e+10
5316	8.688e+10
5316.5	8.69e+10
5317	8.692e+10
5317.5	8.694e+10
5318	8.696e+10
5318.5	8.699e+10
5319	8.702e+10
5319.5	8.704e+10
5320	8.707e+10
5320.5	8.711e+10
5321	8.715e+10
5321.5	8.719e+10
5322	8.723e+10
5322.5	8.727e+10
5323	8.731e+10
5323.5	8.737e+10
5324	8.742e+10
5324.5	8.748e+10
5325	8.754e+10
5325.5	8.761e+10
5326	8.767e+10
5326.5	8.775e+10
5327	8.783e+10
5327.5	8.791e+10
5328	8.799e+10
5328.5	8.808e+10
5329	8.817e+10
5329.5	8.827e+10
5330	8.837e+10
5330.5	8.848e+10
5331	8.858e+10
5331.5	8.869e+10
5332	8.88e+10
5332.5	8.892e+10
5333	8.905e+10
5333.5	8.917e+10
5334	8.93e+10
5334.5	8.943e+10
5335	8.956e+10
5335.5	8.969e+10
5336	8.983e+10
5336.5	8.997e+10
5337	9.011e+10
5337.5	9.024e+10
5338	9.039e+10
5338.5	9.053e+10
5339	9.067e+10
5339.5	9.081e+10
5340	9.095e+10
5340.5	9.109e+10
5341	9.123e+10
5341.5	9.137e+10
5342	9.151e+10
5342.5	9.164e+10
5343	9.177e+10
5343.5	9.189e+10
5344	9.202e+10
5344.5	9.215e+10
5345	9.226e+10
5345.5	9.238e+10
5346	9.249e+10
5346.5	9.259e+10
5347	9.269e+10
5347.5	9.279e+10
5348	9.288e+10
5348.5	9.297e+10
5349	9.305e+10
5349.5	9.312e+10
5350	9.318e+10
5350.5	9.325e+10
5351	9.331e+10
5351.5	9.336e+10
5352	9.34e+10
5352.5	9.345e+10
5353	9.348e+10
5353.5	9.351e+10
5354	9.354e+10
5354.5	9.356e+10
5355	9.356e+10
5355.5	9.357e+10
5356	9.357e+10
5356.5	9.358e+10
5357	9.357e+10
5357.5	9.356e+10
5358	9.354e+10
5358.5	9.352e+10
5359	9.35e+10
5359.5	9.348e+10
5360	9.346e+10
5360.5	9.343e+10
5361	9.339e+10
5361.5	9.335e+10
5362	9.332e+10
5362.5	9.329e+10
5363	9.325e+10
5363.5	9.321e+10
5364	9.317e+10
5364.5	9.313e+10
5365	9.309e+10
5365.5	9.306e+10
5366	9.303e+10
5366.5	9.3e+10
5367	9.296e+10
5367.5	9.293e+10
5368	9.29e+10
5368.5	9.288e+10
5369	9.286e+10
5369.5	9.284e+10
5370	9.282e+10
5370.5	9.281e+10
5371	9.281e+10
5371.5	9.28e+10
5372	9.28e+10
5372.5	9.28e+10
5373	9.281e+10
5373.5	9.282e+10
5374	9.284e+10
5374.5	9.286e+10
5375	9.289e+10
5375.5	9.291e+10
5376	9.294e+10
5376.5	9.298e+10
5377	9.303e+10
5377.5	9.307e+10
5378	9.312e+10
5378.5	9.318e+10
5379	9.323e+10
5379.5	9.329e+10
5380	9.337e+10
5380.5	9.344e+10
5381	9.351e+10
5381.5	9.359e+10
5382	9.366e+10
5382.5	9.374e+10
5383	9.383e+10
5383.5	9.392e+10
5384	9.401e+10
5384.5	9.41e+10
5385	9.419e+10
5385.5	9.429e+10
5386	9.439e+10
5386.5	9.449e+10
5387	9.459e+10
5387.5	9.469e+10
5388	9.479e+10
5388.5	9.489e+10
5389	9.499e+10
5389.5	9.51e+10
5390	9.52e+10
5390.5	9.53e+10
5391	9.539e+10
5391.5	9.549e+10
5392	9.559e+10
5392.5	9.569e+10
5393	9.578e+10
5393.5	9.587e+10
5394	9.595e+10
5394.5	9.605e+10
5395	9.613e+10
5395.5	9.621e+10
5396	9.629e+10
5396.5	9.637e+10
5397	9.644e+10
5397.5	9.651e+10
5398	9.658e+10
5398.5	9.665e+10
5399	9.671e+10
5399.5	9.676e+10
5400	9.681e+10
5400.5	9.687e+10
5401	9.692e+10
5401.5	9.696e+10
5402	9.7e+10
5402.5	9.704e+10
5403	9.707e+10
5403.5	9.711e+10
5404	9.714e+10
5404.5	9.717e+10
5405	9.719e+10
5405.5	9.721e+10
5406	9.722e+10
5406.5	9.725e+10
5407	9.726e+10
5407.5	9.728e+10
5408	9.729e+10
5408.5	9.73e+10
5409	9.73e+10
5409.5	9.732e+10
5410	9.733e+10
5410.5	9.734e+10
5411	9.735e+10
5411.5	9.735e+10
5412	9.736e+10
5412.5	9.737e+10
5413	9.739e+10
5413.5	9.74e+10
5414	9.741e+10
5414.5	9.743e+10
5415	9.744e+10
5415.5	9.747e+10
5416	9.749e+10
5416.5	9.752e+10
5417	9.755e+10
5417.5	9.758e+10
5418	9.761e+10
5418.5	9.766e+10
5419	9.77e+10
5419.5	9.775e+10
5420	9.78e+10
5420.5	9.786e+10
5421	9.792e+10
5421.5	9.798e+10
5422	9.806e+10
5422.5	9.813e+10
5423	9.821e+10
5423.5	9.829e+10
5424	9.839e+10
5424.5	9.848e+10
5425	9.858e+10
5425.5	9.869e+10
5426	9.879e+10
5426.5	9.891e+10
5427	9.903e+10
5427.5	9.915e+10
5428	9.928e+10
5428.5	9.941e+10
5429	9.954e+10
5429.5	9.968e+10
5430	9.982e+10
5430.5	9.997e+10
5431	1.001e+11
5431.5	1.003e+11
5432	1.004e+11
5432.5	1.006e+11
5433	1.007e+11
5433.5	1.009e+11
5434	1.01e+11
5434.5	1.012e+11
5435	1.014e+11
5435.5	1.015e+11
5436	1.017e+11
5436.5	1.018e+11
5437	1.02e+11
5437.5	1.022e+11
5438	1.023e+11
5438.5	1.025e+11
5439	1.026e+11
5439.5	1.027e+11
5440	1.029e+11
5440.5	1.03e+11
5441	1.032e+11
5441.5	1.033e+11
5442	1.034e+11
5442.5	1.035e+11
5443	1.036e+11
5443.5	1.038e+11
5444	1.039e+11
5444.5	1.04e+11
5445	1.041e+11
5445.5	1.041e+11
5446	1.042e+11
5446.5	1.043e+11
5447	1.044e+11
5447.5	1.044e+11
5448	1.045e+11
5448.5	1.045e+11
5449	1.046e+11
5449.5	1.046e+11
5450	1.046e+11
5450.5	1.047e+11
5451	1.047e+11
5451.5	1.047e+11
5452	1.047e+11
5452.5	1.047e+11
5453	1.047e+11
5453.5	1.047e+11
5454	1.047e+11
5454.5	1.047e+11
5455	1.046e+11
5455.5	1.046e+11
5456	1.046e+11
5456.5	1.046e+11
5457	1.045e+11
5457.5	1.045e+11
5458	1.045e+11
5458.5	1.044e+11
5459	1.044e+11
5459.5	1.044e+11
5460	1.043e+11
5460.5	1.043e+11
5461	1.042e+11
5461.5	1.042e+11
5462	1.042e+11
5462.5	1.041e+11
5463	1.041e+11
5463.5	1.041e+11
5464	1.04e+11
5464.5	1.04e+11
5465	1.04e+11
5465.5	1.04e+11
5466	1.039e+11
5466.5	1.039e+11
5467	1.039e+11
5467.5	1.039e+11
5468	1.039e+11
5468.5	1.039e+11
5469	1.039e+11
5469.5	1.039e+11
5470	1.039e+11
5470.5	1.039e+11
5471	1.039e+11
5471.5	1.04e+11
5472	1.04e+11
5472.5	1.04e+11
5473	1.04e+11
5473.5	1.041e+11
5474	1.041e+11
5474.5	1.042e+11
5475	1.042e+11
5475.5	1.043e+11
5476	1.043e+11
5476.5	1.044e+11
5477	1.045e+11
5477.5	1.045e+11
5478	1.046e+11
5478.5	1.047e+11
5479	1.048e+11
5479.5	1.048e+11
5480	1.049e+11
5480.5	1.05e+11
5481	1.051e+11
5481.5	1.052e+11
5482	1.053e+11
5482.5	1.054e+11
5483	1.055e+11
5483.5	1.056e+11
5484	1.057e+11
5484.5	1.058e+11
5485	1.059e+11
5485.5	1.06e+11
5486	1.061e+11
5486.5	1.062e+11
5487	1.063e+11
5487.5	1.064e+11
5488	1.065e+11
5488.5	1.066e+11
5489	1.067e+11
5489.5	1.068e+11
5490	1.069e+11
5490.5	1.07e+11
5491	1.071e+11
5491.5	1.072e+11
5492	1.073e+11
5492.5	1.074e+11
5493	1.075e+11
5493.5	1.076e+11
5494	1.077e+11
5494.5	1.078e+11
5495	1.079e+11
5495.5	1.08e+11
5496	1.081e+11
5496.5	1.082e+11
5497	1.082e+11
5497.5	1.083e+11
5498	1.084e+11
5498.5	1.085e+11
5499	1.086e+11
5499.5	1.087e+11
5500	1.088e+11
5500.5	1.089e+11
5501	1.09e+11
5501.5	1.09e+11
5502	1.091e+11
5502.5	1.092e+11
5503	1.093e+11
5503.5	1.094e+11
5504	1.095e+11
5504.5	1.095e+11
5505	1.096e+11
5505.5	1.097e+11
5506	1.098e+11
5506.5	1.099e+11
5507	1.1e+11
5507.5	1.101e+11
5508	1.101e+11
5508.5	1.102e+11
5509	1.103e+11
5509.5	1.104e+11
5510	1.105e+11
5510.5	1.106e+11
5511	1.107e+11
5511.5	1.108e+11
5512	1.109e+11
5512.5	1.11e+11
5513	1.112e+11
5513.5	1.113e+11
5514	1.114e+11
5514.5	1.115e+11
5515	1.116e+11
5515.5	1.117e+11
5516	1.119e+11
5516.5	1.12e+11
5517	1.121e+11
5517.5	1.123e+11
5518	1.124e+11
5518.5	1.125e+11
5519	1.127e+11
5519.5	1.128e+11
5520	1.13e+11
5520.5	1.131e+11
5521	1.133e+11
5521.5	1.135e+11
5522	1.136e+11
5522.5	1.138e+11
5523	1.14e+11
5523.5	1.141e+11
5524	1.143e+11
5524.5	1.145e+11
5525	1.147e+11
5525.5	1.149e+11
5526	1.15e+11
5526.5	1.152e+11
5527	1.154e+11
5527.5	1.156e+11
5528	1.158e+11
5528.5	1.16e+11
5529	1.162e+11
5529.5	1.164e+11
5530	1.166e+11
5530.5	1.168e+11
5531	1.17e+11
5531.5	1.172e+11
5532	1.174e+11
5532.5	1.176e+11
5533	1.178e+11
5533.5	1.181e+11
5534	1.183e+11
5534.5	1.185e+11
5535	1.187e+11
5535.5	1.189e+11
5536	1.191e+11
5536.5	1.193e+11
5537	1.195e+11
5537.5	1.197e+11
5538	1.199e+11
5538.5	1.201e+11
5539	1.203e+11
5539.5	1.205e+11
5540	1.208e+11
5540.5	1.21e+11
5541	1.212e+11
5541.5	1.214e+11
5542	1.216e+11
5542.5	1.218e+11
5543	1.22e+11
5543.5	1.222e+11
5544	1.224e+11
5544.5	1.226e+11
5545	1.228e+11
5545.5	1.23e+11
5546	1.232e+11
5546.5	1.234e+11
5547	1.236e+11
5547.5	1.238e+11
5548	1.24e+11
5548.5	1.242e+11
5549	1.244e+11
5549.5	1.246e+11
5550	1.248e+11
5550.5	1.25e+11
5551	1.252e+11
5551.5	1.255e+11
5552	1.257e+11
5552.5	1.259e+11
5553	1.261e+11
5553.5	1.263e+11
5554	1.265e+11
5554.5	1.268e+11
5555	1.27e+11
5555.5	1.272e+11
5556	1.275e+11
5556.5	1.277e+11
5557	1.279e+11
5557.5	1.282e+11
5558	1.284e+11
5558.5	1.287e+11
5559	1.289e+11
5559.5	1.292e+11
5560	1.295e+11
5560.5	1.297e+11
5561	1.3e+11
5561.5	1.303e+11
5562	1.306e+11
5562.5	1.308e+11
5563	1.311e+11
5563.5	1.314e+11
5564	1.317e+11
5564.5	1.32e+11
5565	1.323e+11
5565.5	1.327e+11
5566	1.33e+11
5566.5	1.333e+11
5567	1.336e+11
5567.5	1.34e+11
5568	1.343e+11
5568.5	1.347e+11
5569	1.35e+11
5569.5	1.354e+11
5570	1.358e+11
5570.5	1.361e+11
5571	1.365e+11
5571.5	1.369e+11
5572	1.373e+11
5572.5	1.377e+11
5573	1.381e+11
5573.5	1.385e+11
5574	1.389e+11
5574.5	1.394e+11
5575	1.398e+11
5575.5	1.402e+11
5576	1.407e+11
5576.5	1.411e+11
5577	1.416e+11
5577.5	1.42e+11
5578	1.425e+11
5578.5	1.43e+11
5579	1.435e+11
5579.5	1.44e+11
5580	1.445e+11
5580.5	1.45e+11
5581	1.455e+11
5581.5	1.46e+11
5582	1.465e+11
5582.5	1.471e+11
5583	1.476e+11
5583.5	1.482e+11
5584	1.487e+11
5584.5	1.493e+11
5585	1.498e+11
5585.5	1.504e+11
5586	1.51e+11
5586.5	1.516e+11
5587	1.522e+11
5587.5	1.528e+11
5588	1.535e+11
5588.5	1.541e+11
5589	1.547e+11
5589.5	1.554e+11
5590	1.56e+11
5590.5	1.567e+11
5591	1.574e+11
5591.5	1.58e+11
5592	1.587e+11
5592.5	1.594e+11
5593	1.601e+11
5593.5	1.608e+11
5594	1.616e+11
5594.5	1.623e+11
5595	1.63e+11
5595.5	1.638e+11
5596	1.645e+11
5596.5	1.653e+11
5597	1.66e+11
5597.5	1.668e+11
5598	1.676e+11
5598.5	1.684e+11
5599	1.692e+11
5599.5	1.7e+11
5600	1.708e+11
5600.5	1.717e+11
5601	1.725e+11
5601.5	1.733e+11
5602	1.742e+11
5602.5	1.75e+11
5603	1.759e+11
5603.5	1.767e+11
5604	1.776e+11
5604.5	1.785e+11
5605	1.794e+11
5605.5	1.803e+11
5606	1.812e+11
5606.5	1.821e+11
5607	1.83e+11
5607.5	1.839e+11
5608	1.848e+11
5608.5	1.857e+11
5609	1.867e+11
5609.5	1.876e+11
5610	1.885e+11
5610.5	1.895e+11
5611	1.904e+11
5611.5	1.914e+11
5612	1.923e+11
5612.5	1.933e+11
5613	1.943e+11
5613.5	1.952e+11
5614	1.962e+11
5614.5	1.972e+11
5615	1.982e+11
5615.5	1.991e+11
5616	2.001e+11
5616.5	2.011e+11
5617	2.021e+11
5617.5	2.031e+11
5618	2.041e+11
5618.5	2.051e+11
5619	2.061e+11
5619.5	2.072e+11
5620	2.082e+11
5620.5	2.092e+11
5621	2.102e+11
5621.5	2.113e+11
5622	2.123e+11
5622.5	2.134e+11
5623	2.144e+11
5623.5	2.155e+11
5624	2.166e+11
5624.5	2.176e+11
5625	2.187e+11
5625.5	2.198e+11
5626	2.209e+11
5626.5	2.22e+11
5627	2.231e+11
5627.5	2.242e+11
5628	2.254e+11
5628.5	2.265e+11
5629	2.277e+11
5629.5	2.288e+11
5630	2.3e+11
5630.5	2.312e+11
5631	2.324e+11
5631.5	2.336e+11
5632	2.348e+11
5632.5	2.361e+11
5633	2.374e+11
5633.5	2.386e+11
5634	2.399e+11
5634.5	2.412e+11
5635	2.425e+11
5635.5	2.439e+11
5636	2.452e+11
5636.5	2.466e+11
5637	2.48e+11
5637.5	2.494e+11
5638	2.508e+11
5638.5	2.523e+11
5639	2.537e+11
5639.5	2.552e+11
5640	2.567e+11
5640.5	2.583e+11
5641	2.598e+11
5641.5	2.614e+11
5642	2.63e+11
5642.5	2.646e+11
5643	2.662e+11
5643.5	2.679e+11
5644	2.695e+11
5644.5	2.713e+11
5645	2.73e+11
5645.5	2.747e+11
5646	2.765e+11
5646.5	2.783e+11
5647	2.801e+11
5647.5	2.82e+11
5648	2.838e+11
5648.5	2.857e+11
5649	2.876e+11
5649.5	2.895e+11
5650	2.915e+11
5650.5	2.935e+11
5651	2.955e+11
5651.5	2.975e+11
5652	2.996e+11
5652.5	3.017e+11
5653	3.038e+11
5653.5	3.059e+11
5654	3.081e+11
5654.5	3.102e+11
5655	3.125e+11
5655.5	3.147e+11
5656	3.17e+11
5656.5	3.193e+11
5657	3.216e+11
5657.5	3.239e+11
5658	3.263e+11
5658.5	3.286e+11
5659	3.311e+11
5659.5	3.335e+11
5660	3.36e+11
5660.5	3.385e+11
5661	3.41e+11
5661.5	3.436e+11
5662	3.462e+11
5662.5	3.488e+11
5663	3.515e+11
5663.5	3.542e+11
5664	3.569e+11
5664.5	3.596e+11
5665	3.624e+11
5665.5	3.653e+11
5666	3.681e+11
5666.5	3.71e+11
5667	3.739e+11
5667.5	3.768e+11
5668	3.799e+11
5668.5	3.829e+11
5669	3.859e+11
5669.5	3.89e+11
5670	3.922e+11
5670.5	3.953e+11
5671	3.986e+11
5671.5	4.018e+11
5672	4.051e+11
5672.5	4.084e+11
5673	4.118e+11
5673.5	4.152e+11
5674	4.187e+11
5674.5	4.221e+11
5675	4.256e+11
5675.5	4.292e+11
5676	4.328e+11
5676.5	4.364e+11
5677	4.401e+11
5677.5	4.439e+11
5678	4.476e+11
5678.5	4.514e+11
5679	4.552e+11
5679.5	4.591e+11
5680	4.63e+11
5680.5	4.67e+11
5681	4.709e+11
5681.5	4.749e+11
5682	4.79e+11
5682.5	4.831e+11
5683	4.872e+11
5683.5	4.913e+11
5684	4.955e+11
5684.5	4.997e+11
5685	5.039e+11
5685.5	5.083e+11
5686	5.126e+11
5686.5	5.169e+11
5687	5.212e+11
5687.5	5.256e+11
5688	5.3e+11
5688.5	5.345e+11
5689	5.389e+11
5689.5	5.433e+11
5690	5.478e+11
5690.5	5.523e+11
5691	5.569e+11
5691.5	5.615e+11
5692	5.661e+11
5692.5	5.707e+11
5693	5.753e+11
5693.5	5.799e+11
5694	5.845e+11
5694.5	5.893e+11
5695	5.94e+11
5695.5	5.986e+11
5696	6.034e+11
5696.5	6.081e+11
5697	6.129e+11
5697.5	6.177e+11
5698	6.225e+11
5698.5	6.273e+11
5699	6.321e+11
5699.5	6.37e+11
5700	6.419e+11
5700.5	6.469e+11
5701	6.518e+11
5701.5	6.567e+11
5702	6.617e+11
5702.5	6.667e+11
5703	6.718e+11
5703.5	6.768e+11
5704	6.819e+11
5704.5	6.87e+11
5705	6.921e+11
5705.5	6.973e+11
5706	7.026e+11
5706.5	7.078e+11
5707	7.131e+11
5707.5	7.184e+11
5708	7.237e+11
5708.5	7.291e+11
5709	7.346e+11
5709.5	7.401e+11
5710	7.456e+11
5710.5	7.511e+11
5711	7.567e+11
5711.5	7.624e+11
5712	7.682e+11
5712.5	7.739e+11
5713	7.797e+11
5713.5	7.856e+11
5714	7.915e+11
5714.5	7.974e+11
5715	8.035e+11
5715.5	8.096e+11
5716	8.157e+11
5716.5	8.218e+11
5717	8.281e+11
5717.5	8.343e+11
5718	8.408e+11
5718.5	8.472e+11
5719	8.537e+11
5719.5	8.601e+11
5720	8.667e+11
5720.5	8.733e+11
5721	8.802e+11
5721.5	8.869e+11
5722	8.937e+11
5722.5	9.006e+11
5723	9.075e+11
5723.5	9.145e+11
5724	9.217e+11
5724.5	9.288e+11
5725	9.36e+11
5725.5	9.433e+11
5726	9.506e+11
5726.5	9.581e+11
5727	9.655e+11
5727.5	9.731e+11
5728	9.807e+11
5728.5	9.883e+11
5729	9.96e+11
5729.5	1.004e+12
5730	1.012e+12
5730.5	1.02e+12
5731	1.028e+12
5731.5	1.036e+12
5732	1.044e+12
5732.5	1.052e+12
5733	1.061e+12
5733.5	1.069e+12
5734	1.078e+12
5734.5	1.086e+12
5735	1.095e+12
5735.5	1.104e+12
5736	1.113e+12
5736.5	1.121e+12
5737	1.13e+12
5737.5	1.14e+12
5738	1.149e+12
5738.5	1.158e+12
5739	1.168e+12
5739.5	1.177e+12
5740	1.187e+12
5740.5	1.196e+12
5741	1.206e+12
5741.5	1.216e+12
5742	1.226e+12
5742.5	1.237e+12
5743	1.247e+12
5743.5	1.257e+12
5744	1.268e+12
5744.5	1.279e+12
5745	1.289e+12
5745.5	1.3e+12
5746	1.311e+12
5746.5	1.322e+12
5747	1.333e+12
5747.5	1.345e+12
5748	1.356e+12
5748.5	1.368e+12
5749	1.379e+12
5749.5	1.391e+12
5750	1.403e+12
5750.5	1.415e+12
5751	1.427e+12
5751.5	1.44e+12
5752	1.452e+12
5752.5	1.464e+12
5753	1.477e+12
5753.5	1.49e+12
5754	1.502e+12
5754.5	1.515e+12
5755	1.528e+12
5755.5	1.541e+12
5756	1.554e+12
5756.5	1.567e+12
5757	1.58e+12
5757.5	1.593e+12
5758	1.607e+12
5758.5	1.62e+12
5759	1.633e+12
5759.5	1.647e+12
5760	1.66e+12
5760.5	1.674e+12
5761	1.687e+12
5761.5	1.701e+12
5762	1.715e+12
5762.5	1.728e+12
5763	1.742e+12
5763.5	1.756e+12
5764	1.769e+12
5764.5	1.783e+12
5765	1.797e+12
5765.5	1.811e+12
5766	1.825e+12
5766.5	1.838e+12
5767	1.852e+12
5767.5	1.866e+12
5768	1.88e+12
5768.5	1.894e+12
5769	1.908e+12
5769.5	1.922e+12
5770	1.935e+12
5770.5	1.949e+12
5771	1.964e+12
5771.5	1.978e+12
5772	1.992e+12
5772.5	2.006e+12
5773	2.02e+12
5773.5	2.034e+12
5774	2.049e+12
5774.5	2.063e+12
5775	2.077e+12
5775.5	2.092e+12
5776	2.106e+12
5776.5	2.121e+12
5777	2.136e+12
5777.5	2.151e+12
5778	2.166e+12
5778.5	2.181e+12
5779	2.196e+12
5779.5	2.211e+12
5780	2.227e+12
5780.5	2.242e+12
5781	2.258e+12
5781.5	2.274e+12
5782	2.29e+12
5782.5	2.306e+12
5783	2.322e+12
5783.5	2.339e+12
5784	2.355e+12
5784.5	2.372e+12
5785	2.389e+12
5785.5	2.406e+12
5786	2.423e+12
5786.5	2.441e+12
5787	2.458e+12
5787.5	2.476e+12
5788	2.494e+12
5788.5	2.512e+12
5789	2.53e+12
5789.5	2.549e+12
5790	2.567e+12
5790.5	2.586e+12
5791	2.605e+12
5791.5	2.624e+12
5792	2.643e+12
5792.5	2.662e+12
5793	2.682e+12
5793.5	2.701e+12
5794	2.721e+12
5794.5	2.741e+12
5795	2.761e+12
5795.5	2.781e+12
5796	2.802e+12
5796.5	2.822e+12
5797	2.843e+12
5797.5	2.863e+12
5798	2.884e+12
5798.5	2.905e+12
5799	2.926e+12
5799.5	2.947e+12
5800	2.968e+12
5800.5	2.99e+12
5801	3.011e+12
5801.5	3.032e+12
5802	3.054e+12
5802.5	3.076e+12
5803	3.098e+12
5803.5	3.12e+12
5804	3.142e+12
5804.5	3.164e+12
5805	3.187e+12
5805.5	3.209e+12
5806	3.232e+12
5806.5	3.255e+12
5807	3.278e+12
5807.5	3.301e+12
5808	3.324e+12
5808.5	3.348e+12
5809	3.372e+12
5809.5	3.395e+12
5810	3.419e+12
5810.5	3.444e+12
5811	3.468e+12
5811.5	3.492e+12
5812	3.518e+12
5812.5	3.543e+12
5813	3.568e+12
5813.5	3.593e+12
5814	3.619e+12
5814.5	3.645e+12
5815	3.672e+12
5815.5	3.698e+12
5816	3.725e+12
5816.5	3.752e+12
5817	3.779e+12
5817.5	3.806e+12
5818	3.834e+12
5818.5	3.863e+12
5819	3.891e+12
5819.5	3.919e+12
5820	3.948e+12
5820.5	3.978e+12
5821	4.007e+12
5821.5	4.036e+12
5822	4.066e+12
5822.5	4.096e+12
5823	4.126e+12
5823.5	4.157e+12
5824	4.188e+12
5824.5	4.219e+12
5825	4.25e+12
5825.5	4.281e+12
5826	4.313e+12
5826.5	4.345e+12
5827	4.377e+12
5827.5	4.409e+12
5828	4.441e+12
5828.5	4.474e+12
5829	4.506e+12
5829.5	4.539e+12
5830	4.572e+12
5830.5	4.605e+12
5831	4.638e+12
5831.5	4.671e+12
5832	4.704e+12
5832.5	4.738e+12
5833	4.771e+12
5833.5	4.804e+12
5834	4.838e+12
5834.5	4.871e+12
5835	4.905e+12
5835.5	4.939e+12
5836	4.972e+12
5836.5	5.006e+12
5837	5.04e+12
5837.5	5.074e+12
5838	5.108e+12
5838.5	5.142e+12
5839	5.176e+12
5839.5	5.21e+12
5840	5.244e+12
5840.5	5.278e+12
5841	5.313e+12
5841.5	5.347e+12
5842	5.382e+12
5842.5	5.416e+12
5843	5.451e+12
5843.5	5.486e+12
5844	5.521e+12
5844.5	5.556e+12
5845	5.591e+12
5845.5	5.627e+12
5846	5.662e+12
5846.5	5.698e+12
5847	5.734e+12
5847.5	5.771e+12
5848	5.807e+12
5848.5	5.843e+12
5849	5.88e+12
5849.5	5.917e+12
5850	5.955e+12
5850.5	5.993e+12
5851	6.031e+12
5851.5	6.069e+12
5852	6.108e+12
5852.5	6.146e+12
5853	6.186e+12
5853.5	6.226e+12
5854	6.266e+12
5854.5	6.306e+12
5855	6.347e+12
5855.5	6.387e+12
5856	6.429e+12
5856.5	6.471e+12
5857	6.513e+12
5857.5	6.555e+12
5858	6.598e+12
5858.5	6.641e+12
5859	6.685e+12
5859.5	6.729e+12
5860	6.773e+12
5860.5	6.817e+12
5861	6.862e+12
5861.5	6.907e+12
5862	6.953e+12
5862.5	6.999e+12
5863	7.045e+12
5863.5	7.091e+12
5864	7.138e+12
5864.5	7.184e+12
5865	7.232e+12
5865.5	7.28e+12
5866	7.327e+12
5866.5	7.375e+12
5867	7.423e+12
5867.5	7.472e+12
5868	7.52e+12
5868.5	7.569e+12
5869	7.617e+12
5869.5	7.666e+12
5870	7.715e+12
5870.5	7.765e+12
5871	7.815e+12
5871.5	7.864e+12
5872	7.914e+12
5872.5	7.964e+12
5873	8.014e+12
5873.5	8.065e+12
5874	8.115e+12
5874.5	8.165e+12
5875	8.216e+12
5875.5	8.266e+12
5876	8.317e+12
5876.5	8.368e+12
5877	8.419e+12
5877.5	8.47e+12
5878	8.521e+12
5878.5	8.573e+12
5879	8.624e+12
5879.5	8.676e+12
5880	8.728e+12
5880.5	8.78e+12
5881	8.831e+12
5881.5	8.883e+12
5882	8.935e+12
5882.5	8.988e+12
5883	9.04e+12
5883.5	9.093e+12
5884	9.145e+12
5884.5	9.198e+12
5885	9.25e+12
5885.5	9.304e+12
5886	9.357e+12
5886.5	9.411e+12
5887	9.464e+12
5887.5	9.517e+12
5888	9.571e+12
5888.5	9.625e+12
5889	9.679e+12
5889.5	9.733e+12
5890	9.787e+12
5890.5	9.841e+12
5891	9.897e+12
5891.5	9.951e+12
5892	1.001e+13
5892.5	1.006e+13
5893	1.011e+13
5893.5	1.017e+13
5894	1.023e+13
5894.5	1.028e+13
5895	1.034e+13
5895.5	1.039e+13
5896	1.045e+13
5896.5	1.05e+13
5897	1.056e+13
5897.5	1.062e+13
5898	1.067e+13
5898.5	1.073e+13
5899	1.078e+13
5899.5	1.084e+13
5900	1.09e+13
5900.5	1.095e+13
5901	1.101e+13
5901.5	1.107e+13
5902	1.112e+13
5902.5	1.118e+13
5903	1.124e+13
5903.5	1.13e+13
5904	1.135e+13
5904.5	1.141e+13
5905	1.147e+13
5905.5	1.153e+13
5906	1.158e+13
5906.5	1.164e+13
5907	1.17e+13
5907.5	1.176e+13
5908	1.182e+13
5908.5	1.188e+13
5909	1.194e+13
5909.5	1.2e+13
5910	1.206e+13
5910.5	1.212e+13
5911	1.218e+13
5911.5	1.224e+13
5912	1.23e+13
5912.5	1.236e+13
5913	1.243e+13
5913.5	1.249e+13
5914	1.255e+13
5914.5	1.261e+13
5915	1.268e+13
5915.5	1.274e+13
5916	1.281e+13
5916.5	1.287e+13
5917	1.294e+13
5917.5	1.3e+13
5918	1.307e+13
5918.5	1.314e+13
5919	1.321e+13
5919.5	1.327e+13
5920	1.334e+13
5920.5	1.341e+13
5921	1.348e+13
5921.5	1.355e+13
5922	1.362e+13
5922.5	1.37e+13
5923	1.377e+13
5923.5	1.384e+13
5924	1.391e+13
5924.5	1.399e+13
5925	1.406e+13
5925.5	1.414e+13
5926	1.421e+13
5926.5	1.429e+13
5927	1.437e+13
5927.5	1.444e+13
5928	1.452e+13
5928.5	1.46e+13
5929	1.467e+13
5929.5	1.475e+13
5930	1.483e+13
5930.5	1.491e+13
5931	1.499e+13
5931.5	1.507e+13
5932	1.515e+13
5932.5	1.523e+13
5933	1.532e+13
5933.5	1.54e+13
5934	1.548e+13
5934.5	1.556e+13
5935	1.564e+13
5935.5	1.572e+13
5936	1.581e+13
5936.5	1.589e+13
5937	1.597e+13
5937.5	1.605e+13
5938	1.614e+13
5938.5	1.622e+13
5939	1.63e+13
5939.5	1.638e+13
5940	1.647e+13
5940.5	1.655e+13
5941	1.663e+13
5941.5	1.671e+13
5942	1.679e+13
5942.5	1.687e+13
5943	1.696e+13
5943.5	1.704e+13
5944	1.712e+13
5944.5	1.72e+13
5945	1.728e+13
5945.5	1.736e+13
5946	1.744e+13
5946.5	1.752e+13
5947	1.76e+13
5947.5	1.767e+13
5948	1.775e+13
5948.5	1.783e+13
5949	1.791e+13
5949.5	1.798e+13
5950	1.806e+13
5950.5	1.814e+13
5951	1.821e+13
5951.5	1.829e+13
5952	1.837e+13
5952.5	1.844e+13
5953	1.852e+13
5953.5	1.859e+13
5954	1.866e+13
5954.5	1.874e+13
5955	1.881e+13
5955.5	1.888e+13
5956	1.896e+13
5956.5	1.903e+13
5957	1.91e+13
5957.5	1.918e+13
5958	1.925e+13
5958.5	1.932e+13
5959	1.94e+13
5959.5	1.947e+13
5960	1.954e+13
5960.5	1.961e+13
5961	1.968e+13
5961.5	1.976e+13
5962	1.983e+13
5962.5	1.99e+13
5963	1.997e+13
5963.5	2.005e+13
5964	2.012e+13
5964.5	2.019e+13
5965	2.027e+13
5965.5	2.034e+13
5966	2.041e+13
5966.5	2.049e+13
5967	2.056e+13
5967.5	2.064e+13
5968	2.071e+13
5968.5	2.079e+13
5969	2.086e+13
5969.5	2.094e+13
5970	2.101e+13
5970.5	2.109e+13
5971	2.116e+13
5971.5	2.124e+13
5972	2.132e+13
5972.5	2.14e+13
5973	2.147e+13
5973.5	2.155e+13
5974	2.163e+13
5974.5	2.171e+13
5975	2.179e+13
5975.5	2.187e+13
5976	2.195e+13
5976.5	2.203e+13
5977	2.211e+13
5977.5	2.219e+13
5978	2.227e+13
5978.5	2.235e+13
5979	2.243e+13
5979.5	2.252e+13
5980	2.26e+13
5980.5	2.268e+13
5981	2.276e+13
5981.5	2.284e+13
5982	2.293e+13
5982.5	2.301e+13
5983	2.309e+13
5983.5	2.318e+13
5984	2.326e+13
5984.5	2.335e+13
5985	2.343e+13
5985.5	2.351e+13
5986	2.36e+13
5986.5	2.368e+13
5987	2.377e+13
5987.5	2.385e+13
5988	2.394e+13
5988.5	2.402e+13
5989	2.41e+13
5989.5	2.419e+13
5990	2.427e+13
5990.5	2.436e+13
5991	2.444e+13
5991.5	2.452e+13
5992	2.461e+13
5992.5	2.469e+13
5993	2.477e+13
5993.5	2.486e+13
5994	2.494e+13
5994.5	2.502e+13
5995	2.51e+13
5995.5	2.519e+13
5996	2.527e+13
5996.5	2.535e+13
5997	2.543e+13
5997.5	2.551e+13
5998	2.559e+13
5998.5	2.567e+13
5999	2.575e+13
5999.5	2.583e+13
6000	2.591e+13
