Energy	Plot 1
4000	1.744e+11
4000.5	1.75e+11
4001	1.757e+11
4001.5	1.763e+11
4002	1.77e+11
4002.5	1.776e+11
4003	1.783e+11
4003.5	1.789e+11
4004	1.796e+11
4004.5	1.802e+11
4005	1.809e+11
4005.5	1.815e+11
4006	1.822e+11
4006.5	1.828e+11
4007	1.835e+11
4007.5	1.841e+11
4008	1.848e+11
4008.5	1.854e+11
4009	1.861e+11
4009.5	1.868e+11
4010	1.874e+11
4010.5	1.88e+11
4011	1.887e+11
4011.5	1.894e+11
4012	1.9e+11
4012.5	1.906e+11
4013	1.913e+11
4013.5	1.919e+11
4014	1.926e+11
4014.5	1.932e+11
4015	1.939e+11
4015.5	1.945e+11
4016	1.951e+11
4016.5	1.958e+11
4017	1.964e+11
4017.5	1.97e+11
4018	1.977e+11
4018.5	1.983e+11
4019	1.989e+11
4019.5	1.995e+11
4020	2.002e+11
4020.5	2.008e+11
4021	2.014e+11
4021.5	2.02e+11
4022	2.026e+11
4022.5	2.033e+11
4023	2.039e+11
4023.5	2.045e+11
4024	2.051e+11
4024.5	2.057e+11
4025	2.063e+11
4025.5	2.07e+11
4026	2.076e+11
4026.5	2.082e+11
4027	2.088e+11
4027.5	2.094e+11
4028	2.1e+11
4028.5	2.107e+11
4029	2.113e+11
4029.5	2.119e+11
4030	2.125e+11
4030.5	2.132e+11
4031	2.138e+11
4031.5	2.145e+11
4032	2.151e+11
4032.5	2.157e+11
4033	2.164e+11
4033.5	2.17e+11
4034	2.177e+11
4034.5	2.184e+11
4035	2.19e+11
4035.5	2.197e+11
4036	2.203e+11
4036.5	2.21e+11
4037	2.217e+11
4037.5	2.224e+11
4038	2.231e+11
4038.5	2.238e+11
4039	2.245e+11
4039.5	2.252e+11
4040	2.26e+11
4040.5	2.267e+11
4041	2.274e+11
4041.5	2.281e+11
4042	2.289e+11
4042.5	2.296e+11
4043	2.304e+11
4043.5	2.312e+11
4044	2.319e+11
4044.5	2.327e+11
4045	2.335e+11
4045.5	2.343e+11
4046	2.351e+11
4046.5	2.359e+11
4047	2.367e+11
4047.5	2.375e+11
4048	2.383e+11
4048.5	2.391e+11
4049	2.4e+11
4049.5	2.408e+11
4050	2.417e+11
4050.5	2.425e+11
4051	2.434e+11
4051.5	2.442e+11
4052	2.451e+11
4052.5	2.46e+11
4053	2.469e+11
4053.5	2.478e+11
4054	2.486e+11
4054.5	2.495e+11
4055	2.505e+11
4055.5	2.514e+11
4056	2.522e+11
4056.5	2.532e+11
4057	2.541e+11
4057.5	2.55e+11
4058	2.559e+11
4058.5	2.569e+11
4059	2.578e+11
4059.5	2.587e+11
4060	2.596e+11
4060.5	2.606e+11
4061	2.615e+11
4061.5	2.625e+11
4062	2.634e+11
4062.5	2.643e+11
4063	2.653e+11
4063.5	2.662e+11
4064	2.672e+11
4064.5	2.681e+11
4065	2.691e+11
4065.5	2.7e+11
4066	2.71e+11
4066.5	2.72e+11
4067	2.729e+11
4067.5	2.739e+11
4068	2.748e+11
4068.5	2.757e+11
4069	2.767e+11
4069.5	2.777e+11
4070	2.786e+11
4070.5	2.796e+11
4071	2.805e+11
4071.5	2.814e+11
4072	2.824e+11
4072.5	2.833e+11
4073	2.842e+11
4073.5	2.852e+11
4074	2.861e+11
4074.5	2.87e+11
4075	2.879e+11
4075.5	2.889e+11
4076	2.898e+11
4076.5	2.907e+11
4077	2.916e+11
4077.5	2.925e+11
4078	2.934e+11
4078.5	2.944e+11
4079	2.953e+11
4079.5	2.962e+11
4080	2.971e+11
4080.5	2.98e+11
4081	2.989e+11
4081.5	2.998e+11
4082	3.007e+11
4082.5	3.016e+11
4083	3.024e+11
4083.5	3.033e+11
4084	3.042e+11
4084.5	3.052e+11
4085	3.06e+11
4085.5	3.069e+11
4086	3.078e+11
4086.5	3.087e+11
4087	3.096e+11
4087.5	3.106e+11
4088	3.115e+11
4088.5	3.124e+11
4089	3.133e+11
4089.5	3.142e+11
4090	3.151e+11
4090.5	3.16e+11
4091	3.17e+11
4091.5	3.179e+11
4092	3.188e+11
4092.5	3.198e+11
4093	3.207e+11
4093.5	3.217e+11
4094	3.226e+11
4094.5	3.236e+11
4095	3.245e+11
4095.5	3.255e+11
4096	3.265e+11
4096.5	3.275e+11
4097	3.285e+11
4097.5	3.295e+11
4098	3.305e+11
4098.5	3.315e+11
4099	3.325e+11
4099.5	3.336e+11
4100	3.346e+11
4100.5	3.356e+11
4101	3.367e+11
4101.5	3.377e+11
4102	3.388e+11
4102.5	3.399e+11
4103	3.409e+11
4103.5	3.42e+11
4104	3.431e+11
4104.5	3.442e+11
4105	3.453e+11
4105.5	3.464e+11
4106	3.475e+11
4106.5	3.486e+11
4107	3.497e+11
4107.5	3.509e+11
4108	3.52e+11
4108.5	3.532e+11
4109	3.543e+11
4109.5	3.554e+11
4110	3.566e+11
4110.5	3.577e+11
4111	3.589e+11
4111.5	3.6e+11
4112	3.612e+11
4112.5	3.624e+11
4113	3.635e+11
4113.5	3.647e+11
4114	3.659e+11
4114.5	3.67e+11
4115	3.682e+11
4115.5	3.694e+11
4116	3.705e+11
4116.5	3.717e+11
4117	3.729e+11
4117.5	3.741e+11
4118	3.752e+11
4118.5	3.764e+11
4119	3.775e+11
4119.5	3.787e+11
4120	3.799e+11
4120.5	3.811e+11
4121	3.822e+11
4121.5	3.834e+11
4122	3.845e+11
4122.5	3.857e+11
4123	3.868e+11
4123.5	3.88e+11
4124	3.891e+11
4124.5	3.902e+11
4125	3.913e+11
4125.5	3.925e+11
4126	3.936e+11
4126.5	3.947e+11
4127	3.958e+11
4127.5	3.969e+11
4128	3.98e+11
4128.5	3.991e+11
4129	4.002e+11
4129.5	4.013e+11
4130	4.023e+11
4130.5	4.034e+11
4131	4.044e+11
4131.5	4.055e+11
4132	4.066e+11
4132.5	4.077e+11
4133	4.087e+11
4133.5	4.097e+11
4134	4.108e+11
4134.5	4.118e+11
4135	4.129e+11
4135.5	4.139e+11
4136	4.149e+11
4136.5	4.159e+11
4137	4.169e+11
4137.5	4.18e+11
4138	4.19e+11
4138.5	4.2e+11
4139	4.21e+11
4139.5	4.22e+11
4140	4.23e+11
4140.5	4.24e+11
4141	4.25e+11
4141.5	4.26e+11
4142	4.271e+11
4142.5	4.28e+11
4143	4.291e+11
4143.5	4.301e+11
4144	4.311e+11
4144.5	4.322e+11
4145	4.332e+11
4145.5	4.342e+11
4146	4.353e+11
4146.5	4.363e+11
4147	4.374e+11
4147.5	4.385e+11
4148	4.395e+11
4148.5	4.406e+11
4149	4.417e+11
4149.5	4.428e+11
4150	4.439e+11
4150.5	4.45e+11
4151	4.462e+11
4151.5	4.473e+11
4152	4.484e+11
4152.5	4.496e+11
4153	4.508e+11
4153.5	4.519e+11
4154	4.531e+11
4154.5	4.543e+11
4155	4.556e+11
4155.5	4.568e+11
4156	4.58e+11
4156.5	4.593e+11
4157	4.605e+11
4157.5	4.618e+11
4158	4.631e+11
4158.5	4.644e+11
4159	4.657e+11
4159.5	4.67e+11
4160	4.683e+11
4160.5	4.697e+11
4161	4.71e+11
4161.5	4.723e+11
4162	4.737e+11
4162.5	4.751e+11
4163	4.764e+11
4163.5	4.778e+11
4164	4.792e+11
4164.5	4.806e+11
4165	4.819e+11
4165.5	4.833e+11
4166	4.847e+11
4166.5	4.861e+11
4167	4.875e+11
4167.5	4.889e+11
4168	4.903e+11
4168.5	4.917e+11
4169	4.931e+11
4169.5	4.945e+11
4170	4.959e+11
4170.5	4.973e+11
4171	4.987e+11
4171.5	5.001e+11
4172	5.014e+11
4172.5	5.028e+11
4173	5.042e+11
4173.5	5.056e+11
4174	5.07e+11
4174.5	5.083e+11
4175	5.097e+11
4175.5	5.11e+11
4176	5.124e+11
4176.5	5.137e+11
4177	5.151e+11
4177.5	5.164e+11
4178	5.177e+11
4178.5	5.19e+11
4179	5.204e+11
4179.5	5.217e+11
4180	5.23e+11
4180.5	5.243e+11
4181	5.256e+11
4181.5	5.268e+11
4182	5.281e+11
4182.5	5.294e+11
4183	5.307e+11
4183.5	5.32e+11
4184	5.333e+11
4184.5	5.345e+11
4185	5.358e+11
4185.5	5.37e+11
4186	5.383e+11
4186.5	5.395e+11
4187	5.408e+11
4187.5	5.421e+11
4188	5.433e+11
4188.5	5.446e+11
4189	5.459e+11
4189.5	5.471e+11
4190	5.484e+11
4190.5	5.497e+11
4191	5.51e+11
4191.5	5.523e+11
4192	5.535e+11
4192.5	5.548e+11
4193	5.562e+11
4193.5	5.575e+11
4194	5.588e+11
4194.5	5.601e+11
4195	5.615e+11
4195.5	5.628e+11
4196	5.643e+11
4196.5	5.656e+11
4197	5.67e+11
4197.5	5.684e+11
4198	5.699e+11
4198.5	5.713e+11
4199	5.728e+11
4199.5	5.743e+11
4200	5.758e+11
4200.5	5.773e+11
4201	5.788e+11
4201.5	5.804e+11
4202	5.82e+11
4202.5	5.836e+11
4203	5.852e+11
4203.5	5.868e+11
4204	5.885e+11
4204.5	5.902e+11
4205	5.919e+11
4205.5	5.936e+11
4206	5.954e+11
4206.5	5.972e+11
4207	5.989e+11
4207.5	6.008e+11
4208	6.027e+11
4208.5	6.045e+11
4209	6.064e+11
4209.5	6.084e+11
4210	6.103e+11
4210.5	6.124e+11
4211	6.144e+11
4211.5	6.164e+11
4212	6.185e+11
4212.5	6.206e+11
4213	6.227e+11
4213.5	6.249e+11
4214	6.271e+11
4214.5	6.292e+11
4215	6.315e+11
4215.5	6.337e+11
4216	6.36e+11
4216.5	6.384e+11
4217	6.408e+11
4217.5	6.431e+11
4218	6.455e+11
4218.5	6.479e+11
4219	6.504e+11
4219.5	6.529e+11
4220	6.555e+11
4220.5	6.58e+11
4221	6.605e+11
4221.5	6.631e+11
4222	6.658e+11
4222.5	6.685e+11
4223	6.712e+11
4223.5	6.739e+11
4224	6.766e+11
4224.5	6.794e+11
4225	6.822e+11
4225.5	6.851e+11
4226	6.88e+11
4226.5	6.908e+11
4227	6.938e+11
4227.5	6.967e+11
4228	6.997e+11
4228.5	7.028e+11
4229	7.059e+11
4229.5	7.09e+11
4230	7.121e+11
4230.5	7.153e+11
4231	7.186e+11
4231.5	7.218e+11
4232	7.251e+11
4232.5	7.284e+11
4233	7.318e+11
4233.5	7.352e+11
4234	7.388e+11
4234.5	7.423e+11
4235	7.458e+11
4235.5	7.494e+11
4236	7.53e+11
4236.5	7.567e+11
4237	7.606e+11
4237.5	7.644e+11
4238	7.682e+11
4238.5	7.721e+11
4239	7.761e+11
4239.5	7.801e+11
4240	7.843e+11
4240.5	7.884e+11
4241	7.925e+11
4241.5	7.968e+11
4242	8.011e+11
4242.5	8.054e+11
4243	8.1e+11
4243.5	8.144e+11
4244	8.189e+11
4244.5	8.235e+11
4245	8.282e+11
4245.5	8.329e+11
4246	8.378e+11
4246.5	8.426e+11
4247	8.475e+11
4247.5	8.524e+11
4248	8.575e+11
4248.5	8.625e+11
4249	8.678e+11
4249.5	8.73e+11
4250	8.783e+11
4250.5	8.836e+11
4251	8.891e+11
4251.5	8.945e+11
4252	9.002e+11
4252.5	9.058e+11
4253	9.115e+11
4253.5	9.173e+11
4254	9.231e+11
4254.5	9.291e+11
4255	9.351e+11
4255.5	9.412e+11
4256	9.473e+11
4256.5	9.535e+11
4257	9.598e+11
4257.5	9.663e+11
4258	9.727e+11
4258.5	9.792e+11
4259	9.858e+11
4259.5	9.925e+11
4260	9.993e+11
4260.5	1.006e+12
4261	1.013e+12
4261.5	1.02e+12
4262	1.027e+12
4262.5	1.035e+12
4263	1.042e+12
4263.5	1.05e+12
4264	1.057e+12
4264.5	1.065e+12
4265	1.072e+12
4265.5	1.08e+12
4266	1.088e+12
4266.5	1.096e+12
4267	1.104e+12
4267.5	1.113e+12
4268	1.121e+12
4268.5	1.129e+12
4269	1.138e+12
4269.5	1.147e+12
4270	1.156e+12
4270.5	1.165e+12
4271	1.174e+12
4271.5	1.183e+12
4272	1.192e+12
4272.5	1.202e+12
4273	1.211e+12
4273.5	1.221e+12
4274	1.23e+12
4274.5	1.24e+12
4275	1.25e+12
4275.5	1.261e+12
4276	1.271e+12
4276.5	1.281e+12
4277	1.292e+12
4277.5	1.303e+12
4278	1.314e+12
4278.5	1.325e+12
4279	1.336e+12
4279.5	1.347e+12
4280	1.358e+12
4280.5	1.37e+12
4281	1.382e+12
4281.5	1.394e+12
4282	1.406e+12
4282.5	1.418e+12
4283	1.43e+12
4283.5	1.443e+12
4284	1.456e+12
4284.5	1.468e+12
4285	1.481e+12
4285.5	1.494e+12
4286	1.508e+12
4286.5	1.521e+12
4287	1.535e+12
4287.5	1.549e+12
4288	1.563e+12
4288.5	1.577e+12
4289	1.592e+12
4289.5	1.606e+12
4290	1.621e+12
4290.5	1.636e+12
4291	1.651e+12
4291.5	1.667e+12
4292	1.682e+12
4292.5	1.698e+12
4293	1.714e+12
4293.5	1.731e+12
4294	1.747e+12
4294.5	1.764e+12
4295	1.781e+12
4295.5	1.798e+12
4296	1.815e+12
4296.5	1.833e+12
4297	1.851e+12
4297.5	1.869e+12
4298	1.887e+12
4298.5	1.905e+12
4299	1.925e+12
4299.5	1.944e+12
4300	1.963e+12
4300.5	1.982e+12
4301	2.002e+12
4301.5	2.022e+12
4302	2.043e+12
4302.5	2.063e+12
4303	2.084e+12
4303.5	2.105e+12
4304	2.127e+12
4304.5	2.149e+12
4305	2.171e+12
4305.5	2.193e+12
4306	2.215e+12
4306.5	2.238e+12
4307	2.261e+12
4307.5	2.285e+12
4308	2.308e+12
4308.5	2.332e+12
4309	2.356e+12
4309.5	2.381e+12
4310	2.405e+12
4310.5	2.431e+12
4311	2.456e+12
4311.5	2.482e+12
4312	2.507e+12
4312.5	2.534e+12
4313	2.56e+12
4313.5	2.587e+12
4314	2.614e+12
4314.5	2.642e+12
4315	2.669e+12
4315.5	2.697e+12
4316	2.725e+12
4316.5	2.754e+12
4317	2.783e+12
4317.5	2.813e+12
4318	2.842e+12
4318.5	2.872e+12
4319	2.902e+12
4319.5	2.933e+12
4320	2.963e+12
4320.5	2.994e+12
4321	3.026e+12
4321.5	3.058e+12
4322	3.089e+12
4322.5	3.122e+12
4323	3.155e+12
4323.5	3.188e+12
4324	3.221e+12
4324.5	3.255e+12
4325	3.289e+12
4325.5	3.323e+12
4326	3.358e+12
4326.5	3.393e+12
4327	3.428e+12
4327.5	3.464e+12
4328	3.5e+12
4328.5	3.536e+12
4329	3.573e+12
4329.5	3.61e+12
4330	3.647e+12
4330.5	3.685e+12
4331	3.724e+12
4331.5	3.762e+12
4332	3.801e+12
4332.5	3.84e+12
4333	3.879e+12
4333.5	3.919e+12
4334	3.96e+12
4334.5	4e+12
4335	4.041e+12
4335.5	4.083e+12
4336	4.125e+12
4336.5	4.167e+12
4337	4.21e+12
4337.5	4.252e+12
4338	4.296e+12
4338.5	4.339e+12
4339	4.383e+12
4339.5	4.428e+12
4340	4.473e+12
4340.5	4.518e+12
4341	4.564e+12
4341.5	4.61e+12
4342	4.656e+12
4342.5	4.703e+12
4343	4.75e+12
4343.5	4.798e+12
4344	4.846e+12
4344.5	4.894e+12
4345	4.943e+12
4345.5	4.992e+12
4346	5.042e+12
4346.5	5.092e+12
4347	5.142e+12
4347.5	5.193e+12
4348	5.244e+12
4348.5	5.296e+12
4349	5.347e+12
4349.5	5.4e+12
4350	5.452e+12
4350.5	5.505e+12
4351	5.559e+12
4351.5	5.613e+12
4352	5.667e+12
4352.5	5.721e+12
4353	5.776e+12
4353.5	5.831e+12
4354	5.887e+12
4354.5	5.943e+12
4355	6e+12
4355.5	6.056e+12
4356	6.113e+12
4356.5	6.171e+12
4357	6.228e+12
4357.5	6.287e+12
4358	6.345e+12
4358.5	6.404e+12
4359	6.463e+12
4359.5	6.522e+12
4360	6.582e+12
4360.5	6.643e+12
4361	6.703e+12
4361.5	6.764e+12
4362	6.825e+12
4362.5	6.886e+12
4363	6.947e+12
4363.5	7.01e+12
4364	7.072e+12
4364.5	7.134e+12
4365	7.197e+12
4365.5	7.26e+12
4366	7.323e+12
4366.5	7.387e+12
4367	7.451e+12
4367.5	7.515e+12
4368	7.579e+12
4368.5	7.643e+12
4369	7.708e+12
4369.5	7.773e+12
4370	7.838e+12
4370.5	7.903e+12
4371	7.968e+12
4371.5	8.034e+12
4372	8.1e+12
4372.5	8.165e+12
4373	8.231e+12
4373.5	8.297e+12
4374	8.363e+12
4374.5	8.429e+12
4375	8.496e+12
4375.5	8.562e+12
4376	8.628e+12
4376.5	8.694e+12
4377	8.761e+12
4377.5	8.827e+12
4378	8.894e+12
4378.5	8.96e+12
4379	9.026e+12
4379.5	9.092e+12
4380	9.158e+12
4380.5	9.224e+12
4381	9.291e+12
4381.5	9.356e+12
4382	9.422e+12
4382.5	9.487e+12
4383	9.552e+12
4383.5	9.617e+12
4384	9.683e+12
4384.5	9.747e+12
4385	9.811e+12
4385.5	9.875e+12
4386	9.939e+12
4386.5	1e+13
4387	1.007e+13
4387.5	1.013e+13
4388	1.019e+13
4388.5	1.025e+13
4389	1.031e+13
4389.5	1.038e+13
4390	1.044e+13
4390.5	1.05e+13
4391	1.056e+13
4391.5	1.062e+13
4392	1.067e+13
4392.5	1.073e+13
4393	1.079e+13
4393.5	1.085e+13
4394	1.09e+13
4394.5	1.096e+13
4395	1.101e+13
4395.5	1.107e+13
4396	1.112e+13
4396.5	1.118e+13
4397	1.123e+13
4397.5	1.128e+13
4398	1.133e+13
4398.5	1.138e+13
4399	1.143e+13
4399.5	1.148e+13
4400	1.153e+13
4400.5	1.158e+13
4401	1.162e+13
4401.5	1.167e+13
4402	1.171e+13
4402.5	1.176e+13
4403	1.18e+13
4403.5	1.184e+13
4404	1.188e+13
4404.5	1.192e+13
4405	1.196e+13
4405.5	1.2e+13
4406	1.203e+13
4406.5	1.207e+13
4407	1.21e+13
4407.5	1.214e+13
4408	1.217e+13
4408.5	1.22e+13
4409	1.223e+13
4409.5	1.226e+13
4410	1.229e+13
4410.5	1.232e+13
4411	1.235e+13
4411.5	1.237e+13
4412	1.239e+13
4412.5	1.242e+13
4413	1.244e+13
4413.5	1.246e+13
4414	1.248e+13
4414.5	1.25e+13
4415	1.251e+13
4415.5	1.253e+13
4416	1.254e+13
4416.5	1.256e+13
4417	1.257e+13
4417.5	1.258e+13
4418	1.259e+13
4418.5	1.26e+13
4419	1.261e+13
4419.5	1.262e+13
4420	1.262e+13
4420.5	1.263e+13
4421	1.263e+13
4421.5	1.263e+13
4422	1.263e+13
4422.5	1.264e+13
4423	1.263e+13
4423.5	1.263e+13
4424	1.263e+13
4424.5	1.262e+13
4425	1.262e+13
4425.5	1.261e+13
4426	1.261e+13
4426.5	1.26e+13
4427	1.259e+13
4427.5	1.258e+13
4428	1.257e+13
4428.5	1.256e+13
4429	1.255e+13
4429.5	1.253e+13
4430	1.252e+13
4430.5	1.251e+13
4431	1.249e+13
4431.5	1.248e+13
4432	1.246e+13
4432.5	1.244e+13
4433	1.242e+13
4433.5	1.24e+13
4434	1.239e+13
4434.5	1.237e+13
4435	1.235e+13
4435.5	1.232e+13
4436	1.23e+13
4436.5	1.228e+13
4437	1.226e+13
4437.5	1.224e+13
4438	1.222e+13
4438.5	1.219e+13
4439	1.217e+13
4439.5	1.215e+13
4440	1.212e+13
4440.5	1.21e+13
4441	1.208e+13
4441.5	1.205e+13
4442	1.203e+13
4442.5	1.2e+13
4443	1.198e+13
4443.5	1.196e+13
4444	1.193e+13
4444.5	1.191e+13
4445	1.189e+13
4445.5	1.186e+13
4446	1.184e+13
4446.5	1.182e+13
4447	1.179e+13
4447.5	1.177e+13
4448	1.175e+13
4448.5	1.173e+13
4449	1.171e+13
4449.5	1.169e+13
4450	1.167e+13
4450.5	1.165e+13
4451	1.163e+13
4451.5	1.161e+13
4452	1.159e+13
4452.5	1.157e+13
4453	1.155e+13
4453.5	1.153e+13
4454	1.152e+13
4454.5	1.15e+13
4455	1.149e+13
4455.5	1.147e+13
4456	1.146e+13
4456.5	1.144e+13
4457	1.143e+13
4457.5	1.142e+13
4458	1.141e+13
4458.5	1.14e+13
4459	1.139e+13
4459.5	1.138e+13
4460	1.137e+13
4460.5	1.136e+13
4461	1.135e+13
4461.5	1.134e+13
4462	1.134e+13
4462.5	1.133e+13
4463	1.133e+13
4463.5	1.132e+13
4464	1.132e+13
4464.5	1.131e+13
4465	1.131e+13
4465.5	1.131e+13
4466	1.131e+13
4466.5	1.131e+13
4467	1.131e+13
4467.5	1.131e+13
4468	1.131e+13
4468.5	1.131e+13
4469	1.131e+13
4469.5	1.131e+13
4470	1.131e+13
4470.5	1.132e+13
4471	1.132e+13
4471.5	1.132e+13
4472	1.133e+13
4472.5	1.133e+13
4473	1.134e+13
4473.5	1.134e+13
4474	1.135e+13
4474.5	1.135e+13
4475	1.136e+13
4475.5	1.136e+13
4476	1.137e+13
4476.5	1.138e+13
4477	1.138e+13
4477.5	1.139e+13
4478	1.14e+13
4478.5	1.14e+13
4479	1.141e+13
4479.5	1.142e+13
4480	1.142e+13
4480.5	1.143e+13
4481	1.144e+13
4481.5	1.144e+13
4482	1.145e+13
4482.5	1.145e+13
4483	1.146e+13
4483.5	1.147e+13
4484	1.147e+13
4484.5	1.148e+13
4485	1.148e+13
4485.5	1.149e+13
4486	1.149e+13
4486.5	1.15e+13
4487	1.15e+13
4487.5	1.151e+13
4488	1.151e+13
4488.5	1.152e+13
4489	1.152e+13
4489.5	1.152e+13
4490	1.152e+13
4490.5	1.153e+13
4491	1.153e+13
4491.5	1.153e+13
4492	1.153e+13
4492.5	1.153e+13
4493	1.154e+13
4493.5	1.154e+13
4494	1.154e+13
4494.5	1.154e+13
4495	1.154e+13
4495.5	1.154e+13
4496	1.154e+13
4496.5	1.153e+13
4497	1.153e+13
4497.5	1.153e+13
4498	1.153e+13
4498.5	1.153e+13
4499	1.153e+13
4499.5	1.152e+13
4500	1.152e+13
4500.5	1.152e+13
4501	1.152e+13
4501.5	1.151e+13
4502	1.151e+13
4502.5	1.151e+13
4503	1.15e+13
4503.5	1.15e+13
4504	1.15e+13
4504.5	1.149e+13
4505	1.149e+13
4505.5	1.149e+13
4506	1.148e+13
4506.5	1.148e+13
4507	1.147e+13
4507.5	1.147e+13
4508	1.147e+13
4508.5	1.146e+13
4509	1.146e+13
4509.5	1.146e+13
4510	1.145e+13
4510.5	1.145e+13
4511	1.144e+13
4511.5	1.144e+13
4512	1.144e+13
4512.5	1.143e+13
4513	1.143e+13
4513.5	1.143e+13
4514	1.142e+13
4514.5	1.142e+13
4515	1.142e+13
4515.5	1.142e+13
4516	1.141e+13
4516.5	1.141e+13
4517	1.141e+13
4517.5	1.141e+13
4518	1.14e+13
4518.5	1.14e+13
4519	1.14e+13
4519.5	1.14e+13
4520	1.139e+13
4520.5	1.139e+13
4521	1.139e+13
4521.5	1.139e+13
4522	1.139e+13
4522.5	1.139e+13
4523	1.139e+13
4523.5	1.139e+13
4524	1.138e+13
4524.5	1.138e+13
4525	1.138e+13
4525.5	1.138e+13
4526	1.138e+13
4526.5	1.138e+13
4527	1.138e+13
4527.5	1.138e+13
4528	1.138e+13
4528.5	1.138e+13
4529	1.139e+13
4529.5	1.139e+13
4530	1.139e+13
4530.5	1.139e+13
4531	1.139e+13
4531.5	1.139e+13
4532	1.139e+13
4532.5	1.139e+13
4533	1.139e+13
4533.5	1.139e+13
4534	1.139e+13
4534.5	1.14e+13
4535	1.14e+13
4535.5	1.14e+13
4536	1.14e+13
4536.5	1.14e+13
4537	1.14e+13
4537.5	1.14e+13
4538	1.14e+13
4538.5	1.14e+13
4539	1.14e+13
4539.5	1.14e+13
4540	1.14e+13
4540.5	1.14e+13
4541	1.14e+13
4541.5	1.14e+13
4542	1.14e+13
4542.5	1.141e+13
4543	1.14e+13
4543.5	1.14e+13
4544	1.14e+13
4544.5	1.14e+13
4545	1.14e+13
4545.5	1.14e+13
4546	1.14e+13
4546.5	1.14e+13
4547	1.14e+13
4547.5	1.14e+13
4548	1.139e+13
4548.5	1.139e+13
4549	1.139e+13
4549.5	1.139e+13
4550	1.139e+13
4550.5	1.139e+13
4551	1.139e+13
4551.5	1.138e+13
4552	1.138e+13
4552.5	1.138e+13
4553	1.138e+13
4553.5	1.138e+13
4554	1.137e+13
4554.5	1.137e+13
4555	1.137e+13
4555.5	1.137e+13
4556	1.137e+13
4556.5	1.137e+13
4557	1.136e+13
4557.5	1.136e+13
4558	1.136e+13
4558.5	1.136e+13
4559	1.136e+13
4559.5	1.136e+13
4560	1.136e+13
4560.5	1.136e+13
4561	1.135e+13
4561.5	1.135e+13
4562	1.135e+13
4562.5	1.135e+13
4563	1.135e+13
4563.5	1.135e+13
4564	1.135e+13
4564.5	1.135e+13
4565	1.135e+13
4565.5	1.135e+13
4566	1.135e+13
4566.5	1.135e+13
4567	1.134e+13
4567.5	1.134e+13
4568	1.134e+13
4568.5	1.134e+13
4569	1.134e+13
4569.5	1.134e+13
4570	1.134e+13
4570.5	1.134e+13
4571	1.134e+13
4571.5	1.134e+13
4572	1.134e+13
4572.5	1.134e+13
4573	1.134e+13
4573.5	1.134e+13
4574	1.134e+13
4574.5	1.134e+13
4575	1.134e+13
4575.5	1.134e+13
4576	1.134e+13
4576.5	1.134e+13
4577	1.134e+13
4577.5	1.134e+13
4578	1.134e+13
4578.5	1.134e+13
4579	1.134e+13
4579.5	1.134e+13
4580	1.134e+13
4580.5	1.134e+13
4581	1.134e+13
4581.5	1.134e+13
4582	1.134e+13
4582.5	1.134e+13
4583	1.134e+13
4583.5	1.134e+13
4584	1.134e+13
4584.5	1.134e+13
4585	1.133e+13
4585.5	1.133e+13
4586	1.133e+13
4586.5	1.133e+13
4587	1.133e+13
4587.5	1.133e+13
4588	1.133e+13
4588.5	1.133e+13
4589	1.133e+13
4589.5	1.133e+13
4590	1.133e+13
4590.5	1.132e+13
4591	1.132e+13
4591.5	1.132e+13
4592	1.132e+13
4592.5	1.132e+13
4593	1.132e+13
4593.5	1.132e+13
4594	1.132e+13
4594.5	1.132e+13
4595	1.132e+13
4595.5	1.132e+13
4596	1.132e+13
4596.5	1.131e+13
4597	1.131e+13
4597.5	1.131e+13
4598	1.131e+13
4598.5	1.131e+13
4599	1.131e+13
4599.5	1.131e+13
4600	1.131e+13
4600.5	1.131e+13
4601	1.131e+13
4601.5	1.131e+13
4602	1.131e+13
4602.5	1.131e+13
4603	1.131e+13
4603.5	1.131e+13
4604	1.131e+13
4604.5	1.131e+13
4605	1.131e+13
4605.5	1.131e+13
4606	1.131e+13
4606.5	1.131e+13
4607	1.131e+13
4607.5	1.131e+13
4608	1.131e+13
4608.5	1.131e+13
4609	1.131e+13
4609.5	1.131e+13
4610	1.131e+13
4610.5	1.131e+13
4611	1.131e+13
4611.5	1.131e+13
4612	1.131e+13
4612.5	1.131e+13
4613	1.131e+13
4613.5	1.131e+13
4614	1.131e+13
4614.5	1.131e+13
4615	1.131e+13
4615.5	1.131e+13
4616	1.131e+13
4616.5	1.131e+13
4617	1.131e+13
4617.5	1.131e+13
4618	1.131e+13
4618.5	1.131e+13
4619	1.131e+13
4619.5	1.131e+13
4620	1.131e+13
4620.5	1.131e+13
4621	1.131e+13
4621.5	1.131e+13
4622	1.131e+13
4622.5	1.131e+13
4623	1.131e+13
4623.5	1.131e+13
4624	1.13e+13
4624.5	1.13e+13
4625	1.13e+13
4625.5	1.13e+13
4626	1.13e+13
4626.5	1.13e+13
4627	1.13e+13
4627.5	1.13e+13
4628	1.13e+13
4628.5	1.13e+13
4629	1.13e+13
4629.5	1.13e+13
4630	1.13e+13
4630.5	1.13e+13
4631	1.13e+13
4631.5	1.13e+13
4632	1.13e+13
4632.5	1.13e+13
4633	1.13e+13
4633.5	1.13e+13
4634	1.13e+13
4634.5	1.13e+13
4635	1.13e+13
4635.5	1.129e+13
4636	1.129e+13
4636.5	1.13e+13
4637	1.13e+13
4637.5	1.13e+13
4638	1.13e+13
4638.5	1.13e+13
4639	1.13e+13
4639.5	1.13e+13
4640	1.13e+13
4640.5	1.13e+13
4641	1.13e+13
4641.5	1.13e+13
4642	1.13e+13
4642.5	1.13e+13
4643	1.13e+13
4643.5	1.13e+13
4644	1.13e+13
4644.5	1.13e+13
4645	1.13e+13
4645.5	1.13e+13
4646	1.13e+13
4646.5	1.13e+13
4647	1.13e+13
4647.5	1.13e+13
4648	1.13e+13
4648.5	1.131e+13
4649	1.131e+13
4649.5	1.131e+13
4650	1.131e+13
4650.5	1.131e+13
4651	1.131e+13
4651.5	1.131e+13
4652	1.131e+13
4652.5	1.131e+13
4653	1.131e+13
4653.5	1.131e+13
4654	1.131e+13
4654.5	1.131e+13
4655	1.131e+13
4655.5	1.131e+13
4656	1.131e+13
4656.5	1.131e+13
4657	1.131e+13
4657.5	1.131e+13
4658	1.131e+13
4658.5	1.131e+13
4659	1.131e+13
4659.5	1.131e+13
4660	1.131e+13
4660.5	1.131e+13
4661	1.131e+13
4661.5	1.131e+13
4662	1.131e+13
4662.5	1.131e+13
4663	1.131e+13
4663.5	1.131e+13
4664	1.131e+13
4664.5	1.131e+13
4665	1.131e+13
4665.5	1.131e+13
4666	1.131e+13
4666.5	1.131e+13
4667	1.131e+13
4667.5	1.131e+13
4668	1.131e+13
4668.5	1.13e+13
4669	1.13e+13
4669.5	1.13e+13
4670	1.13e+13
4670.5	1.13e+13
4671	1.13e+13
4671.5	1.13e+13
4672	1.13e+13
4672.5	1.13e+13
4673	1.13e+13
4673.5	1.13e+13
4674	1.13e+13
4674.5	1.129e+13
4675	1.129e+13
4675.5	1.129e+13
4676	1.129e+13
4676.5	1.129e+13
4677	1.129e+13
4677.5	1.129e+13
4678	1.129e+13
4678.5	1.129e+13
4679	1.129e+13
4679.5	1.129e+13
4680	1.129e+13
4680.5	1.129e+13
4681	1.129e+13
4681.5	1.129e+13
4682	1.129e+13
4682.5	1.129e+13
4683	1.129e+13
4683.5	1.129e+13
4684	1.129e+13
4684.5	1.129e+13
4685	1.129e+13
4685.5	1.129e+13
4686	1.129e+13
4686.5	1.129e+13
4687	1.129e+13
4687.5	1.13e+13
4688	1.13e+13
4688.5	1.13e+13
4689	1.13e+13
4689.5	1.13e+13
4690	1.13e+13
4690.5	1.13e+13
4691	1.13e+13
4691.5	1.13e+13
4692	1.13e+13
4692.5	1.13e+13
4693	1.13e+13
4693.5	1.13e+13
4694	1.131e+13
4694.5	1.131e+13
4695	1.131e+13
4695.5	1.131e+13
4696	1.131e+13
4696.5	1.131e+13
4697	1.131e+13
4697.5	1.131e+13
4698	1.131e+13
4698.5	1.131e+13
4699	1.131e+13
4699.5	1.131e+13
4700	1.131e+13
4700.5	1.131e+13
4701	1.131e+13
4701.5	1.131e+13
4702	1.131e+13
4702.5	1.131e+13
4703	1.131e+13
4703.5	1.131e+13
4704	1.131e+13
4704.5	1.131e+13
4705	1.131e+13
4705.5	1.131e+13
4706	1.131e+13
4706.5	1.131e+13
4707	1.131e+13
4707.5	1.131e+13
4708	1.131e+13
4708.5	1.131e+13
4709	1.131e+13
4709.5	1.13e+13
4710	1.13e+13
4710.5	1.13e+13
4711	1.13e+13
4711.5	1.13e+13
4712	1.13e+13
4712.5	1.13e+13
4713	1.13e+13
4713.5	1.129e+13
4714	1.129e+13
4714.5	1.129e+13
4715	1.129e+13
4715.5	1.129e+13
4716	1.129e+13
4716.5	1.129e+13
4717	1.128e+13
4717.5	1.128e+13
4718	1.128e+13
4718.5	1.128e+13
4719	1.128e+13
4719.5	1.127e+13
4720	1.127e+13
4720.5	1.127e+13
4721	1.127e+13
4721.5	1.127e+13
4722	1.126e+13
4722.5	1.126e+13
4723	1.126e+13
4723.5	1.126e+13
4724	1.125e+13
4724.5	1.125e+13
4725	1.125e+13
4725.5	1.125e+13
4726	1.124e+13
4726.5	1.124e+13
4727	1.124e+13
4727.5	1.124e+13
4728	1.123e+13
4728.5	1.123e+13
4729	1.123e+13
4729.5	1.122e+13
4730	1.122e+13
4730.5	1.122e+13
4731	1.121e+13
4731.5	1.121e+13
4732	1.12e+13
4732.5	1.12e+13
4733	1.12e+13
4733.5	1.119e+13
4734	1.119e+13
4734.5	1.119e+13
4735	1.118e+13
4735.5	1.118e+13
4736	1.117e+13
4736.5	1.117e+13
4737	1.116e+13
4737.5	1.116e+13
4738	1.116e+13
4738.5	1.115e+13
4739	1.115e+13
4739.5	1.114e+13
4740	1.114e+13
4740.5	1.113e+13
4741	1.113e+13
4741.5	1.112e+13
4742	1.112e+13
4742.5	1.112e+13
4743	1.111e+13
4743.5	1.111e+13
4744	1.11e+13
4744.5	1.11e+13
4745	1.109e+13
4745.5	1.109e+13
4746	1.108e+13
4746.5	1.108e+13
4747	1.108e+13
4747.5	1.107e+13
4748	1.107e+13
4748.5	1.106e+13
4749	1.106e+13
4749.5	1.106e+13
4750	1.105e+13
4750.5	1.105e+13
4751	1.105e+13
4751.5	1.104e+13
4752	1.104e+13
4752.5	1.104e+13
4753	1.104e+13
4753.5	1.103e+13
4754	1.103e+13
4754.5	1.103e+13
4755	1.103e+13
4755.5	1.102e+13
4756	1.102e+13
4756.5	1.102e+13
4757	1.102e+13
4757.5	1.102e+13
4758	1.102e+13
4758.5	1.102e+13
4759	1.102e+13
4759.5	1.102e+13
4760	1.102e+13
4760.5	1.102e+13
4761	1.102e+13
4761.5	1.102e+13
4762	1.102e+13
4762.5	1.102e+13
4763	1.102e+13
4763.5	1.102e+13
4764	1.102e+13
4764.5	1.102e+13
4765	1.102e+13
4765.5	1.102e+13
4766	1.102e+13
4766.5	1.102e+13
4767	1.102e+13
4767.5	1.102e+13
4768	1.102e+13
4768.5	1.102e+13
4769	1.102e+13
4769.5	1.102e+13
4770	1.102e+13
4770.5	1.102e+13
4771	1.102e+13
4771.5	1.102e+13
4772	1.102e+13
4772.5	1.102e+13
4773	1.102e+13
4773.5	1.102e+13
4774	1.102e+13
4774.5	1.102e+13
4775	1.101e+13
4775.5	1.101e+13
4776	1.101e+13
4776.5	1.101e+13
4777	1.1e+13
4777.5	1.1e+13
4778	1.099e+13
4778.5	1.099e+13
4779	1.098e+13
4779.5	1.098e+13
4780	1.097e+13
4780.5	1.096e+13
4781	1.096e+13
4781.5	1.095e+13
4782	1.094e+13
4782.5	1.093e+13
4783	1.092e+13
4783.5	1.091e+13
4784	1.089e+13
4784.5	1.088e+13
4785	1.087e+13
4785.5	1.085e+13
4786	1.084e+13
4786.5	1.082e+13
4787	1.081e+13
4787.5	1.079e+13
4788	1.077e+13
4788.5	1.075e+13
4789	1.073e+13
4789.5	1.071e+13
4790	1.069e+13
4790.5	1.067e+13
4791	1.064e+13
4791.5	1.062e+13
4792	1.059e+13
4792.5	1.057e+13
4793	1.054e+13
4793.5	1.051e+13
4794	1.048e+13
4794.5	1.045e+13
4795	1.042e+13
4795.5	1.039e+13
4796	1.035e+13
4796.5	1.032e+13
4797	1.028e+13
4797.5	1.025e+13
4798	1.021e+13
4798.5	1.017e+13
4799	1.013e+13
4799.5	1.009e+13
4800	1.005e+13
4800.5	1.001e+13
4801	9.968e+12
4801.5	9.924e+12
4802	9.88e+12
4802.5	9.833e+12
4803	9.787e+12
4803.5	9.74e+12
4804	9.692e+12
4804.5	9.643e+12
4805	9.593e+12
4805.5	9.541e+12
4806	9.49e+12
4806.5	9.437e+12
4807	9.385e+12
4807.5	9.331e+12
4808	9.276e+12
4808.5	9.22e+12
4809	9.164e+12
4809.5	9.107e+12
4810	9.049e+12
4810.5	8.991e+12
4811	8.932e+12
4811.5	8.872e+12
4812	8.812e+12
4812.5	8.751e+12
4813	8.69e+12
4813.5	8.628e+12
4814	8.565e+12
4814.5	8.501e+12
4815	8.438e+12
4815.5	8.374e+12
4816	8.31e+12
4816.5	8.245e+12
4817	8.18e+12
4817.5	8.113e+12
4818	8.047e+12
4818.5	7.981e+12
4819	7.914e+12
4819.5	7.847e+12
4820	7.78e+12
4820.5	7.711e+12
4821	7.644e+12
4821.5	7.575e+12
4822	7.507e+12
4822.5	7.439e+12
4823	7.37e+12
4823.5	7.301e+12
4824	7.232e+12
4824.5	7.163e+12
4825	7.094e+12
4825.5	7.025e+12
4826	6.956e+12
4826.5	6.886e+12
4827	6.817e+12
4827.5	6.748e+12
4828	6.679e+12
4828.5	6.61e+12
4829	6.541e+12
4829.5	6.471e+12
4830	6.402e+12
4830.5	6.334e+12
4831	6.265e+12
4831.5	6.197e+12
4832	6.129e+12
4832.5	6.06e+12
4833	5.992e+12
4833.5	5.925e+12
4834	5.858e+12
4834.5	5.79e+12
4835	5.724e+12
4835.5	5.656e+12
4836	5.59e+12
4836.5	5.524e+12
4837	5.459e+12
4837.5	5.394e+12
4838	5.329e+12
4838.5	5.263e+12
4839	5.199e+12
4839.5	5.135e+12
4840	5.072e+12
4840.5	5.009e+12
4841	4.946e+12
4841.5	4.883e+12
4842	4.822e+12
4842.5	4.76e+12
4843	4.699e+12
4843.5	4.639e+12
4844	4.579e+12
4844.5	4.518e+12
4845	4.459e+12
4845.5	4.401e+12
4846	4.343e+12
4846.5	4.285e+12
4847	4.228e+12
4847.5	4.171e+12
4848	4.115e+12
4848.5	4.059e+12
4849	4.004e+12
4849.5	3.949e+12
4850	3.895e+12
4850.5	3.841e+12
4851	3.788e+12
4851.5	3.735e+12
4852	3.683e+12
4852.5	3.632e+12
4853	3.581e+12
4853.5	3.53e+12
4854	3.48e+12
4854.5	3.431e+12
4855	3.382e+12
4855.5	3.333e+12
4856	3.286e+12
4856.5	3.238e+12
4857	3.191e+12
4857.5	3.145e+12
4858	3.1e+12
4858.5	3.055e+12
4859	3.01e+12
4859.5	2.966e+12
4860	2.922e+12
4860.5	2.879e+12
4861	2.837e+12
4861.5	2.795e+12
4862	2.754e+12
4862.5	2.712e+12
4863	2.672e+12
4863.5	2.632e+12
4864	2.593e+12
4864.5	2.554e+12
4865	2.516e+12
4865.5	2.478e+12
4866	2.441e+12
4866.5	2.404e+12
4867	2.368e+12
4867.5	2.332e+12
4868	2.297e+12
4868.5	2.262e+12
4869	2.228e+12
4869.5	2.194e+12
4870	2.16e+12
4870.5	2.128e+12
4871	2.095e+12
4871.5	2.063e+12
4872	2.032e+12
4872.5	2.001e+12
4873	1.97e+12
4873.5	1.94e+12
4874	1.91e+12
4874.5	1.881e+12
4875	1.852e+12
4875.5	1.824e+12
4876	1.796e+12
4876.5	1.768e+12
4877	1.741e+12
4877.5	1.714e+12
4878	1.688e+12
4878.5	1.662e+12
4879	1.637e+12
4879.5	1.611e+12
4880	1.587e+12
4880.5	1.562e+12
4881	1.538e+12
4881.5	1.515e+12
4882	1.492e+12
4882.5	1.469e+12
4883	1.446e+12
4883.5	1.424e+12
4884	1.402e+12
4884.5	1.381e+12
4885	1.36e+12
4885.5	1.339e+12
4886	1.319e+12
4886.5	1.298e+12
4887	1.279e+12
4887.5	1.259e+12
4888	1.24e+12
4888.5	1.221e+12
4889	1.203e+12
4889.5	1.184e+12
4890	1.167e+12
4890.5	1.149e+12
4891	1.132e+12
4891.5	1.115e+12
4892	1.098e+12
4892.5	1.081e+12
4893	1.065e+12
4893.5	1.049e+12
4894	1.034e+12
4894.5	1.018e+12
4895	1.003e+12
4895.5	9.882e+11
4896	9.736e+11
4896.5	9.592e+11
4897	9.451e+11
4897.5	9.312e+11
4898	9.176e+11
4898.5	9.04e+11
4899	8.908e+11
4899.5	8.778e+11
4900	8.651e+11
4900.5	8.526e+11
4901	8.402e+11
4901.5	8.28e+11
4902	8.161e+11
4902.5	8.044e+11
4903	7.929e+11
4903.5	7.816e+11
4904	7.703e+11
4904.5	7.594e+11
4905	7.487e+11
4905.5	7.381e+11
4906	7.278e+11
4906.5	7.176e+11
4907	7.074e+11
4907.5	6.976e+11
4908	6.879e+11
4908.5	6.784e+11
4909	6.69e+11
4909.5	6.598e+11
4910	6.507e+11
4910.5	6.418e+11
4911	6.331e+11
4911.5	6.245e+11
4912	6.161e+11
4912.5	6.078e+11
4913	5.995e+11
4913.5	5.915e+11
4914	5.837e+11
4914.5	5.76e+11
4915	5.684e+11
4915.5	5.609e+11
4916	5.534e+11
4916.5	5.462e+11
4917	5.391e+11
4917.5	5.322e+11
4918	5.253e+11
4918.5	5.186e+11
4919	5.119e+11
4919.5	5.054e+11
4920	4.99e+11
4920.5	4.927e+11
4921	4.865e+11
4921.5	4.804e+11
4922	4.743e+11
4922.5	4.685e+11
4923	4.627e+11
4923.5	4.57e+11
4924	4.515e+11
4924.5	4.46e+11
4925	4.405e+11
4925.5	4.352e+11
4926	4.3e+11
4926.5	4.249e+11
4927	4.198e+11
4927.5	4.149e+11
4928	4.099e+11
4928.5	4.051e+11
4929	4.004e+11
4929.5	3.958e+11
4930	3.912e+11
4930.5	3.868e+11
4931	3.823e+11
4931.5	3.78e+11
4932	3.737e+11
4932.5	3.695e+11
4933	3.654e+11
4933.5	3.614e+11
4934	3.573e+11
4934.5	3.534e+11
4935	3.496e+11
4935.5	3.458e+11
4936	3.42e+11
4936.5	3.384e+11
4937	3.347e+11
4937.5	3.312e+11
4938	3.277e+11
4938.5	3.242e+11
4939	3.209e+11
4939.5	3.175e+11
4940	3.142e+11
4940.5	3.11e+11
4941	3.078e+11
4941.5	3.047e+11
4942	3.017e+11
4942.5	2.987e+11
4943	2.956e+11
4943.5	2.927e+11
4944	2.899e+11
4944.5	2.87e+11
4945	2.843e+11
4945.5	2.815e+11
4946	2.788e+11
4946.5	2.761e+11
4947	2.735e+11
4947.5	2.709e+11
4948	2.684e+11
4948.5	2.659e+11
4949	2.634e+11
4949.5	2.61e+11
4950	2.587e+11
4950.5	2.563e+11
4951	2.54e+11
4951.5	2.518e+11
4952	2.495e+11
4952.5	2.473e+11
4953	2.451e+11
4953.5	2.43e+11
4954	2.409e+11
4954.5	2.389e+11
4955	2.368e+11
4955.5	2.348e+11
4956	2.328e+11
4956.5	2.309e+11
4957	2.29e+11
4957.5	2.271e+11
4958	2.252e+11
4958.5	2.234e+11
4959	2.216e+11
4959.5	2.198e+11
4960	2.181e+11
4960.5	2.163e+11
4961	2.146e+11
4961.5	2.129e+11
4962	2.113e+11
4962.5	2.097e+11
4963	2.081e+11
4963.5	2.065e+11
4964	2.049e+11
4964.5	2.034e+11
4965	2.019e+11
4965.5	2.004e+11
4966	1.99e+11
4966.5	1.975e+11
4967	1.961e+11
4967.5	1.947e+11
4968	1.933e+11
4968.5	1.919e+11
4969	1.906e+11
4969.5	1.893e+11
4970	1.879e+11
4970.5	1.867e+11
4971	1.854e+11
4971.5	1.841e+11
4972	1.829e+11
4972.5	1.817e+11
4973	1.805e+11
4973.5	1.793e+11
4974	1.781e+11
4974.5	1.77e+11
4975	1.759e+11
4975.5	1.747e+11
4976	1.736e+11
4976.5	1.725e+11
4977	1.715e+11
4977.5	1.704e+11
4978	1.694e+11
4978.5	1.683e+11
4979	1.673e+11
4979.5	1.663e+11
4980	1.653e+11
4980.5	1.643e+11
4981	1.634e+11
4981.5	1.624e+11
4982	1.615e+11
4982.5	1.606e+11
4983	1.597e+11
4983.5	1.588e+11
4984	1.579e+11
4984.5	1.57e+11
4985	1.561e+11
4985.5	1.553e+11
4986	1.544e+11
4986.5	1.536e+11
4987	1.528e+11
4987.5	1.52e+11
4988	1.512e+11
4988.5	1.504e+11
4989	1.496e+11
4989.5	1.489e+11
4990	1.481e+11
4990.5	1.474e+11
4991	1.466e+11
4991.5	1.459e+11
4992	1.452e+11
4992.5	1.445e+11
4993	1.438e+11
4993.5	1.431e+11
4994	1.424e+11
4994.5	1.417e+11
4995	1.411e+11
4995.5	1.404e+11
4996	1.397e+11
4996.5	1.391e+11
4997	1.385e+11
4997.5	1.378e+11
4998	1.372e+11
4998.5	1.366e+11
4999	1.36e+11
4999.5	1.354e+11
5000	1.348e+11
5000.5	1.343e+11
5001	1.337e+11
5001.5	1.331e+11
5002	1.326e+11
5002.5	1.32e+11
5003	1.315e+11
5003.5	1.309e+11
5004	1.304e+11
5004.5	1.299e+11
5005	1.294e+11
5005.5	1.288e+11
5006	1.283e+11
5006.5	1.278e+11
5007	1.273e+11
5007.5	1.268e+11
5008	1.264e+11
5008.5	1.259e+11
5009	1.254e+11
5009.5	1.249e+11
5010	1.245e+11
5010.5	1.24e+11
5011	1.236e+11
5011.5	1.231e+11
5012	1.227e+11
5012.5	1.223e+11
5013	1.218e+11
5013.5	1.214e+11
5014	1.21e+11
5014.5	1.206e+11
5015	1.202e+11
5015.5	1.198e+11
5016	1.194e+11
5016.5	1.19e+11
5017	1.186e+11
5017.5	1.182e+11
5018	1.178e+11
5018.5	1.174e+11
5019	1.17e+11
5019.5	1.167e+11
5020	1.163e+11
5020.5	1.159e+11
5021	1.156e+11
5021.5	1.152e+11
5022	1.149e+11
5022.5	1.145e+11
5023	1.142e+11
5023.5	1.138e+11
5024	1.135e+11
5024.5	1.132e+11
5025	1.129e+11
5025.5	1.125e+11
5026	1.122e+11
5026.5	1.119e+11
5027	1.116e+11
5027.5	1.113e+11
5028	1.11e+11
5028.5	1.107e+11
5029	1.104e+11
5029.5	1.101e+11
5030	1.098e+11
5030.5	1.095e+11
5031	1.092e+11
5031.5	1.089e+11
5032	1.087e+11
5032.5	1.084e+11
5033	1.081e+11
5033.5	1.078e+11
5034	1.076e+11
5034.5	1.073e+11
5035	1.071e+11
5035.5	1.068e+11
5036	1.065e+11
5036.5	1.063e+11
5037	1.06e+11
5037.5	1.058e+11
5038	1.055e+11
5038.5	1.053e+11
5039	1.051e+11
5039.5	1.048e+11
5040	1.046e+11
5040.5	1.044e+11
5041	1.041e+11
5041.5	1.039e+11
5042	1.037e+11
5042.5	1.035e+11
5043	1.032e+11
5043.5	1.03e+11
5044	1.028e+11
5044.5	1.026e+11
5045	1.024e+11
5045.5	1.022e+11
5046	1.02e+11
5046.5	1.018e+11
5047	1.016e+11
5047.5	1.014e+11
5048	1.012e+11
5048.5	1.01e+11
5049	1.008e+11
5049.5	1.006e+11
5050	1.004e+11
5050.5	1.002e+11
5051	1.001e+11
5051.5	9.988e+10
5052	9.97e+10
5052.5	9.952e+10
5053	9.935e+10
5053.5	9.917e+10
5054	9.9e+10
5054.5	9.883e+10
5055	9.867e+10
5055.5	9.85e+10
5056	9.834e+10
5056.5	9.817e+10
5057	9.801e+10
5057.5	9.786e+10
5058	9.77e+10
5058.5	9.755e+10
5059	9.739e+10
5059.5	9.724e+10
5060	9.709e+10
5060.5	9.694e+10
5061	9.68e+10
5061.5	9.665e+10
5062	9.651e+10
5062.5	9.637e+10
5063	9.623e+10
5063.5	9.609e+10
5064	9.595e+10
5064.5	9.582e+10
5065	9.568e+10
5065.5	9.555e+10
5066	9.542e+10
5066.5	9.529e+10
5067	9.516e+10
5067.5	9.503e+10
5068	9.491e+10
5068.5	9.478e+10
5069	9.466e+10
5069.5	9.454e+10
5070	9.442e+10
5070.5	9.43e+10
5071	9.418e+10
5071.5	9.406e+10
5072	9.395e+10
5072.5	9.384e+10
5073	9.372e+10
5073.5	9.361e+10
5074	9.35e+10
5074.5	9.339e+10
5075	9.329e+10
5075.5	9.318e+10
5076	9.307e+10
5076.5	9.297e+10
5077	9.286e+10
5077.5	9.276e+10
5078	9.266e+10
5078.5	9.256e+10
5079	9.246e+10
5079.5	9.237e+10
5080	9.227e+10
5080.5	9.217e+10
5081	9.208e+10
5081.5	9.198e+10
5082	9.189e+10
5082.5	9.18e+10
5083	9.171e+10
5083.5	9.162e+10
5084	9.153e+10
5084.5	9.144e+10
5085	9.136e+10
5085.5	9.127e+10
5086	9.119e+10
5086.5	9.11e+10
5087	9.102e+10
5087.5	9.094e+10
5088	9.086e+10
5088.5	9.078e+10
5089	9.071e+10
5089.5	9.062e+10
5090	9.054e+10
5090.5	9.047e+10
5091	9.039e+10
5091.5	9.032e+10
5092	9.025e+10
5092.5	9.017e+10
5093	9.01e+10
5093.5	9.003e+10
5094	8.996e+10
5094.5	8.989e+10
5095	8.982e+10
5095.5	8.975e+10
5096	8.968e+10
5096.5	8.962e+10
5097	8.955e+10
5097.5	8.949e+10
5098	8.943e+10
5098.5	8.936e+10
5099	8.93e+10
5099.5	8.923e+10
5100	8.917e+10
5100.5	8.911e+10
5101	8.906e+10
5101.5	8.899e+10
5102	8.894e+10
5102.5	8.888e+10
5103	8.882e+10
5103.5	8.876e+10
5104	8.871e+10
5104.5	8.865e+10
5105	8.86e+10
5105.5	8.855e+10
5106	8.849e+10
5106.5	8.844e+10
5107	8.84e+10
5107.5	8.834e+10
5108	8.829e+10
5108.5	8.824e+10
5109	8.819e+10
5109.5	8.815e+10
5110	8.81e+10
5110.5	8.805e+10
5111	8.8e+10
5111.5	8.796e+10
5112	8.791e+10
5112.5	8.787e+10
5113	8.783e+10
5113.5	8.778e+10
5114	8.774e+10
5114.5	8.77e+10
5115	8.766e+10
5115.5	8.762e+10
5116	8.758e+10
5116.5	8.754e+10
5117	8.75e+10
5117.5	8.746e+10
5118	8.742e+10
5118.5	8.739e+10
5119	8.735e+10
5119.5	8.731e+10
5120	8.728e+10
5120.5	8.724e+10
5121	8.721e+10
5121.5	8.718e+10
5122	8.715e+10
5122.5	8.711e+10
5123	8.708e+10
5123.5	8.705e+10
5124	8.702e+10
5124.5	8.699e+10
5125	8.696e+10
5125.5	8.693e+10
5126	8.69e+10
5126.5	8.687e+10
5127	8.684e+10
5127.5	8.682e+10
5128	8.679e+10
5128.5	8.677e+10
5129	8.674e+10
5129.5	8.672e+10
5130	8.669e+10
5130.5	8.668e+10
5131	8.665e+10
5131.5	8.662e+10
5132	8.66e+10
5132.5	8.658e+10
5133	8.657e+10
5133.5	8.655e+10
5134	8.652e+10
5134.5	8.65e+10
5135	8.648e+10
5135.5	8.646e+10
5136	8.645e+10
5136.5	8.643e+10
5137	8.641e+10
5137.5	8.64e+10
5138	8.638e+10
5138.5	8.637e+10
5139	8.636e+10
5139.5	8.634e+10
5140	8.632e+10
5140.5	8.631e+10
5141	8.63e+10
5141.5	8.629e+10
5142	8.628e+10
5142.5	8.627e+10
5143	8.625e+10
5143.5	8.624e+10
5144	8.624e+10
5144.5	8.623e+10
5145	8.622e+10
5145.5	8.621e+10
5146	8.62e+10
5146.5	8.619e+10
5147	8.619e+10
5147.5	8.618e+10
5148	8.618e+10
5148.5	8.617e+10
5149	8.616e+10
5149.5	8.616e+10
5150	8.615e+10
5150.5	8.615e+10
5151	8.615e+10
5151.5	8.615e+10
5152	8.614e+10
5152.5	8.614e+10
5153	8.613e+10
5153.5	8.613e+10
5154	8.614e+10
5154.5	8.614e+10
5155	8.613e+10
5155.5	8.613e+10
5156	8.613e+10
5156.5	8.613e+10
5157	8.614e+10
5157.5	8.614e+10
5158	8.613e+10
5158.5	8.613e+10
5159	8.613e+10
5159.5	8.614e+10
5160	8.614e+10
5160.5	8.615e+10
5161	8.614e+10
5161.5	8.615e+10
5162	8.615e+10
5162.5	8.616e+10
5163	8.617e+10
5163.5	8.617e+10
5164	8.617e+10
5164.5	8.618e+10
5165	8.618e+10
5165.5	8.619e+10
5166	8.62e+10
5166.5	8.62e+10
5167	8.621e+10
5167.5	8.621e+10
5168	8.622e+10
5168.5	8.623e+10
5169	8.624e+10
5169.5	8.625e+10
5170	8.625e+10
5170.5	8.626e+10
5171	8.627e+10
5171.5	8.629e+10
5172	8.63e+10
5172.5	8.63e+10
5173	8.631e+10
5173.5	8.632e+10
5174	8.633e+10
5174.5	8.635e+10
5175	8.636e+10
5175.5	8.637e+10
5176	8.637e+10
5176.5	8.639e+10
5177	8.64e+10
5177.5	8.642e+10
5178	8.643e+10
5178.5	8.644e+10
5179	8.645e+10
5179.5	8.646e+10
5180	8.648e+10
5180.5	8.65e+10
5181	8.651e+10
5181.5	8.652e+10
5182	8.653e+10
5182.5	8.655e+10
5183	8.657e+10
5183.5	8.658e+10
5184	8.66e+10
5184.5	8.662e+10
5185	8.663e+10
5185.5	8.664e+10
5186	8.666e+10
5186.5	8.668e+10
5187	8.67e+10
5187.5	8.671e+10
5188	8.672e+10
5188.5	8.674e+10
5189	8.676e+10
5189.5	8.678e+10
5190	8.68e+10
5190.5	8.682e+10
5191	8.683e+10
5191.5	8.685e+10
5192	8.687e+10
5192.5	8.689e+10
5193	8.691e+10
5193.5	8.693e+10
5194	8.694e+10
5194.5	8.696e+10
5195	8.699e+10
5195.5	8.701e+10
5196	8.703e+10
5196.5	8.705e+10
5197	8.707e+10
5197.5	8.709e+10
5198	8.712e+10
5198.5	8.714e+10
5199	8.716e+10
5199.5	8.718e+10
5200	8.72e+10
5200.5	8.722e+10
5201	8.725e+10
5201.5	8.727e+10
5202	8.729e+10
5202.5	8.732e+10
5203	8.734e+10
5203.5	8.737e+10
5204	8.739e+10
5204.5	8.742e+10
5205	8.744e+10
5205.5	8.747e+10
5206	8.749e+10
5206.5	8.752e+10
5207	8.755e+10
5207.5	8.757e+10
5208	8.76e+10
5208.5	8.763e+10
5209	8.765e+10
5209.5	8.768e+10
5210	8.771e+10
5210.5	8.774e+10
5211	8.777e+10
5211.5	8.78e+10
5212	8.782e+10
5212.5	8.786e+10
5213	8.789e+10
5213.5	8.792e+10
5214	8.795e+10
5214.5	8.798e+10
5215	8.801e+10
5215.5	8.805e+10
5216	8.808e+10
5216.5	8.812e+10
5217	8.815e+10
5217.5	8.818e+10
5218	8.821e+10
5218.5	8.825e+10
5219	8.829e+10
5219.5	8.832e+10
5220	8.836e+10
5220.5	8.839e+10
5221	8.842e+10
5221.5	8.847e+10
5222	8.85e+10
5222.5	8.854e+10
5223	8.858e+10
5223.5	8.861e+10
5224	8.865e+10
5224.5	8.869e+10
5225	8.873e+10
5225.5	8.877e+10
5226	8.881e+10
5226.5	8.885e+10
5227	8.889e+10
5227.5	8.893e+10
5228	8.897e+10
5228.5	8.901e+10
5229	8.905e+10
5229.5	8.909e+10
5230	8.913e+10
5230.5	8.918e+10
5231	8.922e+10
5231.5	8.926e+10
5232	8.93e+10
5232.5	8.935e+10
5233	8.939e+10
5233.5	8.943e+10
5234	8.948e+10
5234.5	8.952e+10
5235	8.957e+10
5235.5	8.961e+10
5236	8.966e+10
5236.5	8.97e+10
5237	8.975e+10
5237.5	8.979e+10
5238	8.984e+10
5238.5	8.987e+10
5239	8.993e+10
5239.5	8.997e+10
5240	9.002e+10
5240.5	9.006e+10
5241	9.011e+10
5241.5	9.015e+10
5242	9.02e+10
5242.5	9.025e+10
5243	9.03e+10
5243.5	9.034e+10
5244	9.039e+10
5244.5	9.043e+10
5245	9.048e+10
5245.5	9.053e+10
5246	9.058e+10
5246.5	9.063e+10
5247	9.067e+10
5247.5	9.071e+10
5248	9.077e+10
5248.5	9.082e+10
5249	9.087e+10
5249.5	9.091e+10
5250	9.096e+10
5250.5	9.101e+10
5251	9.106e+10
5251.5	9.111e+10
5252	9.116e+10
5252.5	9.12e+10
5253	9.125e+10
5253.5	9.13e+10
5254	9.135e+10
5254.5	9.14e+10
5255	9.145e+10
5255.5	9.15e+10
5256	9.155e+10
5256.5	9.16e+10
5257	9.165e+10
5257.5	9.17e+10
5258	9.175e+10
5258.5	9.18e+10
5259	9.185e+10
5259.5	9.19e+10
5260	9.195e+10
5260.5	9.2e+10
5261	9.205e+10
5261.5	9.211e+10
5262	9.216e+10
5262.5	9.221e+10
5263	9.226e+10
5263.5	9.232e+10
5264	9.237e+10
5264.5	9.242e+10
5265	9.247e+10
5265.5	9.253e+10
5266	9.258e+10
5266.5	9.264e+10
5267	9.269e+10
5267.5	9.275e+10
5268	9.28e+10
5268.5	9.286e+10
5269	9.292e+10
5269.5	9.297e+10
5270	9.303e+10
5270.5	9.309e+10
5271	9.314e+10
5271.5	9.32e+10
5272	9.326e+10
5272.5	9.332e+10
5273	9.338e+10
5273.5	9.344e+10
5274	9.35e+10
5274.5	9.356e+10
5275	9.362e+10
5275.5	9.368e+10
5276	9.374e+10
5276.5	9.38e+10
5277	9.387e+10
5277.5	9.393e+10
5278	9.399e+10
5278.5	9.405e+10
5279	9.412e+10
5279.5	9.418e+10
5280	9.425e+10
5280.5	9.431e+10
5281	9.438e+10
5281.5	9.444e+10
5282	9.451e+10
5282.5	9.457e+10
5283	9.465e+10
5283.5	9.471e+10
5284	9.478e+10
5284.5	9.484e+10
5285	9.491e+10
5285.5	9.498e+10
5286	9.506e+10
5286.5	9.512e+10
5287	9.519e+10
5287.5	9.526e+10
5288	9.533e+10
5288.5	9.54e+10
5289	9.548e+10
5289.5	9.555e+10
5290	9.562e+10
5290.5	9.569e+10
5291	9.577e+10
5291.5	9.584e+10
5292	9.592e+10
5292.5	9.599e+10
5293	9.607e+10
5293.5	9.614e+10
5294	9.622e+10
5294.5	9.629e+10
5295	9.638e+10
5295.5	9.645e+10
5296	9.653e+10
5296.5	9.661e+10
5297	9.669e+10
5297.5	9.677e+10
5298	9.685e+10
5298.5	9.693e+10
5299	9.701e+10
5299.5	9.709e+10
5300	9.717e+10
5300.5	9.726e+10
5301	9.735e+10
5301.5	9.742e+10
5302	9.751e+10
5302.5	9.759e+10
5303	9.768e+10
5303.5	9.777e+10
5304	9.786e+10
5304.5	9.794e+10
5305	9.803e+10
5305.5	9.812e+10
5306	9.821e+10
5306.5	9.83e+10
5307	9.839e+10
5307.5	9.848e+10
5308	9.857e+10
5308.5	9.866e+10
5309	9.876e+10
5309.5	9.886e+10
5310	9.895e+10
5310.5	9.904e+10
5311	9.914e+10
5311.5	9.923e+10
5312	9.933e+10
5312.5	9.943e+10
5313	9.953e+10
5313.5	9.962e+10
5314	9.972e+10
5314.5	9.982e+10
5315	9.992e+10
5315.5	1e+11
5316	1.001e+11
5316.5	1.002e+11
5317	1.003e+11
5317.5	1.004e+11
5318	1.005e+11
5318.5	1.006e+11
5319	1.008e+11
5319.5	1.009e+11
5320	1.01e+11
5320.5	1.011e+11
5321	1.012e+11
5321.5	1.013e+11
5322	1.014e+11
5322.5	1.015e+11
5323	1.016e+11
5323.5	1.017e+11
5324	1.019e+11
5324.5	1.02e+11
5325	1.021e+11
5325.5	1.022e+11
5326	1.023e+11
5326.5	1.024e+11
5327	1.025e+11
5327.5	1.027e+11
5328	1.028e+11
5328.5	1.029e+11
5329	1.03e+11
5329.5	1.031e+11
5330	1.033e+11
5330.5	1.034e+11
5331	1.035e+11
5331.5	1.036e+11
5332	1.038e+11
5332.5	1.039e+11
5333	1.04e+11
5333.5	1.042e+11
5334	1.043e+11
5334.5	1.044e+11
5335	1.045e+11
5335.5	1.047e+11
5336	1.048e+11
5336.5	1.05e+11
5337	1.051e+11
5337.5	1.052e+11
5338	1.054e+11
5338.5	1.055e+11
5339	1.056e+11
5339.5	1.058e+11
5340	1.059e+11
5340.5	1.061e+11
5341	1.062e+11
5341.5	1.063e+11
5342	1.065e+11
5342.5	1.066e+11
5343	1.068e+11
5343.5	1.069e+11
5344	1.071e+11
5344.5	1.072e+11
5345	1.074e+11
5345.5	1.075e+11
5346	1.077e+11
5346.5	1.078e+11
5347	1.08e+11
5347.5	1.082e+11
5348	1.083e+11
5348.5	1.085e+11
5349	1.086e+11
5349.5	1.088e+11
5350	1.089e+11
5350.5	1.091e+11
5351	1.093e+11
5351.5	1.094e+11
5352	1.096e+11
5352.5	1.098e+11
5353	1.099e+11
5353.5	1.101e+11
5354	1.103e+11
5354.5	1.104e+11
5355	1.106e+11
5355.5	1.108e+11
5356	1.109e+11
5356.5	1.111e+11
5357	1.113e+11
5357.5	1.115e+11
5358	1.117e+11
5358.5	1.118e+11
5359	1.12e+11
5359.5	1.122e+11
5360	1.124e+11
5360.5	1.126e+11
5361	1.127e+11
5361.5	1.129e+11
5362	1.131e+11
5362.5	1.133e+11
5363	1.135e+11
5363.5	1.137e+11
5364	1.139e+11
5364.5	1.141e+11
5365	1.143e+11
5365.5	1.145e+11
5366	1.147e+11
5366.5	1.149e+11
5367	1.151e+11
5367.5	1.153e+11
5368	1.155e+11
5368.5	1.157e+11
5369	1.159e+11
5369.5	1.161e+11
5370	1.163e+11
5370.5	1.165e+11
5371	1.167e+11
5371.5	1.17e+11
5372	1.172e+11
5372.5	1.174e+11
5373	1.176e+11
5373.5	1.178e+11
5374	1.181e+11
5374.5	1.183e+11
5375	1.185e+11
5375.5	1.188e+11
5376	1.19e+11
5376.5	1.192e+11
5377	1.195e+11
5377.5	1.197e+11
5378	1.199e+11
5378.5	1.202e+11
5379	1.204e+11
5379.5	1.207e+11
5380	1.209e+11
5380.5	1.212e+11
5381	1.214e+11
5381.5	1.217e+11
5382	1.22e+11
5382.5	1.222e+11
5383	1.225e+11
5383.5	1.228e+11
5384	1.23e+11
5384.5	1.233e+11
5385	1.236e+11
5385.5	1.238e+11
5386	1.241e+11
5386.5	1.244e+11
5387	1.247e+11
5387.5	1.25e+11
5388	1.253e+11
5388.5	1.256e+11
5389	1.259e+11
5389.5	1.262e+11
5390	1.265e+11
5390.5	1.268e+11
5391	1.271e+11
5391.5	1.274e+11
5392	1.277e+11
5392.5	1.28e+11
5393	1.284e+11
5393.5	1.287e+11
5394	1.29e+11
5394.5	1.293e+11
5395	1.297e+11
5395.5	1.3e+11
5396	1.303e+11
5396.5	1.307e+11
5397	1.31e+11
5397.5	1.314e+11
5398	1.317e+11
5398.5	1.321e+11
5399	1.324e+11
5399.5	1.328e+11
5400	1.332e+11
5400.5	1.335e+11
5401	1.339e+11
5401.5	1.343e+11
5402	1.346e+11
5402.5	1.35e+11
5403	1.354e+11
5403.5	1.358e+11
5404	1.362e+11
5404.5	1.366e+11
5405	1.37e+11
5405.5	1.373e+11
5406	1.377e+11
5406.5	1.382e+11
5407	1.386e+11
5407.5	1.39e+11
5408	1.394e+11
5408.5	1.398e+11
5409	1.402e+11
5409.5	1.406e+11
5410	1.411e+11
5410.5	1.415e+11
5411	1.419e+11
5411.5	1.424e+11
5412	1.428e+11
5412.5	1.433e+11
5413	1.437e+11
5413.5	1.442e+11
5414	1.446e+11
5414.5	1.451e+11
5415	1.455e+11
5415.5	1.46e+11
5416	1.465e+11
5416.5	1.469e+11
5417	1.474e+11
5417.5	1.479e+11
5418	1.484e+11
5418.5	1.489e+11
5419	1.493e+11
5419.5	1.498e+11
5420	1.503e+11
5420.5	1.508e+11
5421	1.513e+11
5421.5	1.519e+11
5422	1.524e+11
5422.5	1.529e+11
5423	1.534e+11
5423.5	1.539e+11
5424	1.545e+11
5424.5	1.55e+11
5425	1.555e+11
5425.5	1.561e+11
5426	1.566e+11
5426.5	1.571e+11
5427	1.577e+11
5427.5	1.583e+11
5428	1.588e+11
5428.5	1.594e+11
5429	1.6e+11
5429.5	1.605e+11
5430	1.611e+11
5430.5	1.617e+11
5431	1.623e+11
5431.5	1.629e+11
5432	1.635e+11
5432.5	1.641e+11
5433	1.647e+11
5433.5	1.653e+11
5434	1.659e+11
5434.5	1.665e+11
5435	1.672e+11
5435.5	1.678e+11
5436	1.684e+11
5436.5	1.691e+11
5437	1.697e+11
5437.5	1.704e+11
5438	1.711e+11
5438.5	1.717e+11
5439	1.724e+11
5439.5	1.731e+11
5440	1.738e+11
5440.5	1.745e+11
5441	1.751e+11
5441.5	1.759e+11
5442	1.766e+11
5442.5	1.773e+11
5443	1.78e+11
5443.5	1.787e+11
5444	1.795e+11
5444.5	1.802e+11
5445	1.81e+11
5445.5	1.818e+11
5446	1.825e+11
5446.5	1.833e+11
5447	1.841e+11
5447.5	1.849e+11
5448	1.857e+11
5448.5	1.865e+11
5449	1.873e+11
5449.5	1.881e+11
5450	1.89e+11
5450.5	1.898e+11
5451	1.907e+11
5451.5	1.915e+11
5452	1.924e+11
5452.5	1.933e+11
5453	1.941e+11
5453.5	1.951e+11
5454	1.959e+11
5454.5	1.969e+11
5455	1.978e+11
5455.5	1.987e+11
5456	1.997e+11
5456.5	2.006e+11
5457	2.016e+11
5457.5	2.026e+11
5458	2.035e+11
5458.5	2.045e+11
5459	2.055e+11
5459.5	2.066e+11
5460	2.076e+11
5460.5	2.086e+11
5461	2.097e+11
5461.5	2.107e+11
5462	2.118e+11
5462.5	2.129e+11
5463	2.14e+11
5463.5	2.151e+11
5464	2.162e+11
5464.5	2.173e+11
5465	2.184e+11
5465.5	2.196e+11
5466	2.207e+11
5466.5	2.219e+11
5467	2.231e+11
5467.5	2.243e+11
5468	2.255e+11
5468.5	2.267e+11
5469	2.279e+11
5469.5	2.291e+11
5470	2.304e+11
5470.5	2.316e+11
5471	2.329e+11
5471.5	2.342e+11
5472	2.355e+11
5472.5	2.368e+11
5473	2.381e+11
5473.5	2.394e+11
5474	2.408e+11
5474.5	2.421e+11
5475	2.435e+11
5475.5	2.449e+11
5476	2.463e+11
5476.5	2.476e+11
5477	2.491e+11
5477.5	2.505e+11
5478	2.519e+11
5478.5	2.534e+11
5479	2.548e+11
5479.5	2.563e+11
5480	2.578e+11
5480.5	2.592e+11
5481	2.607e+11
5481.5	2.622e+11
5482	2.638e+11
5482.5	2.653e+11
5483	2.669e+11
5483.5	2.684e+11
5484	2.7e+11
5484.5	2.715e+11
5485	2.731e+11
5485.5	2.747e+11
5486	2.764e+11
5486.5	2.78e+11
5487	2.796e+11
5487.5	2.812e+11
5488	2.829e+11
5488.5	2.846e+11
5489	2.863e+11
5489.5	2.879e+11
5490	2.896e+11
5490.5	2.914e+11
5491	2.931e+11
5491.5	2.948e+11
5492	2.966e+11
5492.5	2.983e+11
5493	3.001e+11
5493.5	3.019e+11
5494	3.037e+11
5494.5	3.055e+11
5495	3.073e+11
5495.5	3.091e+11
5496	3.11e+11
5496.5	3.128e+11
5497	3.147e+11
5497.5	3.166e+11
5498	3.184e+11
5498.5	3.203e+11
5499	3.222e+11
5499.5	3.242e+11
5500	3.261e+11
5500.5	3.281e+11
5501	3.3e+11
5501.5	3.32e+11
5502	3.34e+11
5502.5	3.36e+11
5503	3.38e+11
5503.5	3.4e+11
5504	3.421e+11
5504.5	3.441e+11
5505	3.462e+11
5505.5	3.483e+11
5506	3.504e+11
5506.5	3.525e+11
5507	3.547e+11
5507.5	3.568e+11
5508	3.589e+11
5508.5	3.611e+11
5509	3.633e+11
5509.5	3.656e+11
5510	3.678e+11
5510.5	3.7e+11
5511	3.723e+11
5511.5	3.745e+11
5512	3.769e+11
5512.5	3.792e+11
5513	3.815e+11
5513.5	3.839e+11
5514	3.862e+11
5514.5	3.886e+11
5515	3.911e+11
5515.5	3.935e+11
5516	3.959e+11
5516.5	3.984e+11
5517	4.009e+11
5517.5	4.034e+11
5518	4.06e+11
5518.5	4.085e+11
5519	4.111e+11
5519.5	4.137e+11
5520	4.163e+11
5520.5	4.189e+11
5521	4.217e+11
5521.5	4.244e+11
5522	4.271e+11
5522.5	4.298e+11
5523	4.326e+11
5523.5	4.353e+11
5524	4.382e+11
5524.5	4.411e+11
5525	4.439e+11
5525.5	4.468e+11
5526	4.497e+11
5526.5	4.527e+11
5527	4.557e+11
5527.5	4.587e+11
5528	4.617e+11
5528.5	4.648e+11
5529	4.678e+11
5529.5	4.71e+11
5530	4.741e+11
5530.5	4.773e+11
5531	4.805e+11
5531.5	4.837e+11
5532	4.87e+11
5532.5	4.903e+11
5533	4.936e+11
5533.5	4.97e+11
5534	5.003e+11
5534.5	5.037e+11
5535	5.071e+11
5535.5	5.107e+11
5536	5.141e+11
5536.5	5.177e+11
5537	5.212e+11
5537.5	5.248e+11
5538	5.284e+11
5538.5	5.321e+11
5539	5.357e+11
5539.5	5.394e+11
5540	5.431e+11
5540.5	5.469e+11
5541	5.507e+11
5541.5	5.545e+11
5542	5.584e+11
5542.5	5.623e+11
5543	5.662e+11
5543.5	5.701e+11
5544	5.74e+11
5544.5	5.781e+11
5545	5.821e+11
5545.5	5.861e+11
5546	5.902e+11
5546.5	5.943e+11
5547	5.984e+11
5547.5	6.027e+11
5548	6.069e+11
5548.5	6.111e+11
5549	6.153e+11
5549.5	6.196e+11
5550	6.239e+11
5550.5	6.283e+11
5551	6.327e+11
5551.5	6.371e+11
5552	6.415e+11
5552.5	6.459e+11
5553	6.504e+11
5553.5	6.55e+11
5554	6.595e+11
5554.5	6.641e+11
5555	6.687e+11
5555.5	6.732e+11
5556	6.779e+11
5556.5	6.826e+11
5557	6.873e+11
5557.5	6.921e+11
5558	6.968e+11
5558.5	7.016e+11
5559	7.065e+11
5559.5	7.113e+11
5560	7.162e+11
5560.5	7.211e+11
5561	7.26e+11
5561.5	7.31e+11
5562	7.36e+11
5562.5	7.41e+11
5563	7.461e+11
5563.5	7.511e+11
5564	7.562e+11
5564.5	7.613e+11
5565	7.666e+11
5565.5	7.718e+11
5566	7.77e+11
5566.5	7.822e+11
5567	7.875e+11
5567.5	7.928e+11
5568	7.982e+11
5568.5	8.036e+11
5569	8.09e+11
5569.5	8.144e+11
5570	8.199e+11
5570.5	8.253e+11
5571	8.31e+11
5571.5	8.365e+11
5572	8.421e+11
5572.5	8.478e+11
5573	8.534e+11
5573.5	8.591e+11
5574	8.649e+11
5574.5	8.707e+11
5575	8.765e+11
5575.5	8.824e+11
5576	8.882e+11
5576.5	8.941e+11
5577	9.002e+11
5577.5	9.062e+11
5578	9.123e+11
5578.5	9.183e+11
5579	9.244e+11
5579.5	9.306e+11
5580	9.369e+11
5580.5	9.432e+11
5581	9.495e+11
5581.5	9.558e+11
5582	9.622e+11
5582.5	9.687e+11
5583	9.752e+11
5583.5	9.817e+11
5584	9.883e+11
5584.5	9.949e+11
5585	1.002e+12
5585.5	1.008e+12
5586	1.015e+12
5586.5	1.022e+12
5587	1.029e+12
5587.5	1.036e+12
5588	1.043e+12
5588.5	1.05e+12
5589	1.057e+12
5589.5	1.064e+12
5590	1.072e+12
5590.5	1.079e+12
5591	1.086e+12
5591.5	1.094e+12
5592	1.101e+12
5592.5	1.109e+12
5593	1.116e+12
5593.5	1.124e+12
5594	1.132e+12
5594.5	1.14e+12
5595	1.147e+12
5595.5	1.155e+12
5596	1.163e+12
5596.5	1.171e+12
5597	1.179e+12
5597.5	1.188e+12
5598	1.196e+12
5598.5	1.204e+12
5599	1.213e+12
5599.5	1.221e+12
5600	1.23e+12
5600.5	1.238e+12
5601	1.247e+12
5601.5	1.256e+12
5602	1.264e+12
5602.5	1.273e+12
5603	1.282e+12
5603.5	1.291e+12
5604	1.3e+12
5604.5	1.309e+12
5605	1.319e+12
5605.5	1.328e+12
5606	1.337e+12
5606.5	1.347e+12
5607	1.356e+12
5607.5	1.366e+12
5608	1.375e+12
5608.5	1.385e+12
5609	1.395e+12
5609.5	1.404e+12
5610	1.414e+12
5610.5	1.424e+12
5611	1.434e+12
5611.5	1.444e+12
5612	1.454e+12
5612.5	1.464e+12
5613	1.475e+12
5613.5	1.485e+12
5614	1.495e+12
5614.5	1.506e+12
5615	1.516e+12
5615.5	1.527e+12
5616	1.537e+12
5616.5	1.548e+12
5617	1.558e+12
5617.5	1.569e+12
5618	1.58e+12
5618.5	1.591e+12
5619	1.602e+12
5619.5	1.613e+12
5620	1.624e+12
5620.5	1.635e+12
5621	1.646e+12
5621.5	1.657e+12
5622	1.668e+12
5622.5	1.68e+12
5623	1.691e+12
5623.5	1.702e+12
5624	1.714e+12
5624.5	1.725e+12
5625	1.737e+12
5625.5	1.748e+12
5626	1.76e+12
5626.5	1.772e+12
5627	1.784e+12
5627.5	1.795e+12
5628	1.807e+12
5628.5	1.819e+12
5629	1.831e+12
5629.5	1.843e+12
5630	1.855e+12
5630.5	1.867e+12
5631	1.879e+12
5631.5	1.891e+12
5632	1.904e+12
5632.5	1.916e+12
5633	1.928e+12
5633.5	1.941e+12
5634	1.953e+12
5634.5	1.966e+12
5635	1.978e+12
5635.5	1.991e+12
5636	2.004e+12
5636.5	2.016e+12
5637	2.029e+12
5637.5	2.042e+12
5638	2.055e+12
5638.5	2.068e+12
5639	2.081e+12
5639.5	2.094e+12
5640	2.107e+12
5640.5	2.12e+12
5641	2.133e+12
5641.5	2.147e+12
5642	2.16e+12
5642.5	2.173e+12
5643	2.187e+12
5643.5	2.2e+12
5644	2.214e+12
5644.5	2.228e+12
5645	2.241e+12
5645.5	2.255e+12
5646	2.269e+12
5646.5	2.283e+12
5647	2.297e+12
5647.5	2.311e+12
5648	2.325e+12
5648.5	2.339e+12
5649	2.354e+12
5649.5	2.368e+12
5650	2.382e+12
5650.5	2.397e+12
5651	2.412e+12
5651.5	2.426e+12
5652	2.441e+12
5652.5	2.456e+12
5653	2.471e+12
5653.5	2.486e+12
5654	2.501e+12
5654.5	2.516e+12
5655	2.531e+12
5655.5	2.546e+12
5656	2.562e+12
5656.5	2.577e+12
5657	2.593e+12
5657.5	2.608e+12
5658	2.624e+12
5658.5	2.64e+12
5659	2.656e+12
5659.5	2.672e+12
5660	2.688e+12
5660.5	2.704e+12
5661	2.72e+12
5661.5	2.737e+12
5662	2.753e+12
5662.5	2.77e+12
5663	2.786e+12
5663.5	2.803e+12
5664	2.82e+12
5664.5	2.837e+12
5665	2.854e+12
5665.5	2.871e+12
5666	2.888e+12
5666.5	2.905e+12
5667	2.922e+12
5667.5	2.94e+12
5668	2.958e+12
5668.5	2.975e+12
5669	2.993e+12
5669.5	3.011e+12
5670	3.028e+12
5670.5	3.046e+12
5671	3.065e+12
5671.5	3.083e+12
5672	3.101e+12
5672.5	3.119e+12
5673	3.138e+12
5673.5	3.156e+12
5674	3.175e+12
5674.5	3.194e+12
5675	3.212e+12
5675.5	3.231e+12
5676	3.25e+12
5676.5	3.269e+12
5677	3.288e+12
5677.5	3.307e+12
5678	3.327e+12
5678.5	3.346e+12
5679	3.365e+12
5679.5	3.385e+12
5680	3.404e+12
5680.5	3.424e+12
5681	3.444e+12
5681.5	3.463e+12
5682	3.483e+12
5682.5	3.503e+12
5683	3.523e+12
5683.5	3.543e+12
5684	3.563e+12
5684.5	3.584e+12
5685	3.604e+12
5685.5	3.624e+12
5686	3.645e+12
5686.5	3.665e+12
5687	3.686e+12
5687.5	3.706e+12
5688	3.727e+12
5688.5	3.748e+12
5689	3.769e+12
5689.5	3.789e+12
5690	3.81e+12
5690.5	3.831e+12
5691	3.852e+12
5691.5	3.874e+12
5692	3.895e+12
5692.5	3.916e+12
5693	3.937e+12
5693.5	3.959e+12
5694	3.98e+12
5694.5	4.002e+12
5695	4.024e+12
5695.5	4.045e+12
5696	4.067e+12
5696.5	4.089e+12
5697	4.111e+12
5697.5	4.133e+12
5698	4.155e+12
5698.5	4.177e+12
5699	4.199e+12
5699.5	4.221e+12
5700	4.244e+12
5700.5	4.266e+12
5701	4.289e+12
5701.5	4.311e+12
5702	4.334e+12
5702.5	4.356e+12
5703	4.38e+12
5703.5	4.402e+12
5704	4.425e+12
5704.5	4.448e+12
5705	4.471e+12
5705.5	4.494e+12
5706	4.518e+12
5706.5	4.541e+12
5707	4.565e+12
5707.5	4.588e+12
5708	4.612e+12
5708.5	4.635e+12
5709	4.66e+12
5709.5	4.683e+12
5710	4.707e+12
5710.5	4.731e+12
5711	4.755e+12
5711.5	4.779e+12
5712	4.804e+12
5712.5	4.829e+12
5713	4.853e+12
5713.5	4.877e+12
5714	4.902e+12
5714.5	4.927e+12
5715	4.952e+12
5715.5	4.977e+12
5716	5.002e+12
5716.5	5.027e+12
5717	5.052e+12
5717.5	5.077e+12
5718	5.103e+12
5718.5	5.128e+12
5719	5.153e+12
5719.5	5.179e+12
5720	5.204e+12
5720.5	5.23e+12
5721	5.256e+12
5721.5	5.282e+12
5722	5.308e+12
5722.5	5.334e+12
5723	5.36e+12
5723.5	5.386e+12
5724	5.413e+12
5724.5	5.439e+12
5725	5.466e+12
5725.5	5.492e+12
5726	5.518e+12
5726.5	5.546e+12
5727	5.572e+12
5727.5	5.599e+12
5728	5.626e+12
5728.5	5.652e+12
5729	5.679e+12
5729.5	5.707e+12
5730	5.734e+12
5730.5	5.761e+12
5731	5.788e+12
5731.5	5.815e+12
5732	5.842e+12
5732.5	5.87e+12
5733	5.897e+12
5733.5	5.925e+12
5734	5.952e+12
5734.5	5.979e+12
5735	6.007e+12
5735.5	6.035e+12
5736	6.062e+12
5736.5	6.09e+12
5737	6.118e+12
5737.5	6.145e+12
5738	6.173e+12
5738.5	6.201e+12
5739	6.229e+12
5739.5	6.256e+12
5740	6.284e+12
5740.5	6.312e+12
5741	6.339e+12
5741.5	6.368e+12
5742	6.395e+12
5742.5	6.423e+12
5743	6.451e+12
5743.5	6.478e+12
5744	6.506e+12
5744.5	6.535e+12
5745	6.562e+12
5745.5	6.59e+12
5746	6.618e+12
5746.5	6.646e+12
5747	6.673e+12
5747.5	6.702e+12
5748	6.729e+12
5748.5	6.757e+12
5749	6.785e+12
5749.5	6.812e+12
5750	6.841e+12
5750.5	6.868e+12
5751	6.896e+12
5751.5	6.924e+12
5752	6.951e+12
5752.5	6.978e+12
5753	7.007e+12
5753.5	7.034e+12
5754	7.062e+12
5754.5	7.089e+12
5755	7.117e+12
5755.5	7.144e+12
5756	7.172e+12
5756.5	7.199e+12
5757	7.227e+12
5757.5	7.254e+12
5758	7.281e+12
5758.5	7.308e+12
5759	7.336e+12
5759.5	7.363e+12
5760	7.391e+12
5760.5	7.418e+12
5761	7.445e+12
5761.5	7.472e+12
5762	7.5e+12
5762.5	7.527e+12
5763	7.554e+12
5763.5	7.581e+12
5764	7.608e+12
5764.5	7.634e+12
5765	7.662e+12
5765.5	7.689e+12
5766	7.716e+12
5766.5	7.743e+12
5767	7.769e+12
5767.5	7.796e+12
5768	7.823e+12
5768.5	7.85e+12
5769	7.877e+12
5769.5	7.904e+12
5770	7.93e+12
5770.5	7.956e+12
5771	7.984e+12
5771.5	8.01e+12
5772	8.037e+12
5772.5	8.063e+12
5773	8.09e+12
5773.5	8.117e+12
5774	8.143e+12
5774.5	8.169e+12
5775	8.196e+12
5775.5	8.222e+12
5776	8.248e+12
5776.5	8.275e+12
5777	8.301e+12
5777.5	8.327e+12
5778	8.353e+12
5778.5	8.38e+12
5779	8.406e+12
5779.5	8.432e+12
5780	8.458e+12
5780.5	8.484e+12
5781	8.51e+12
5781.5	8.535e+12
5782	8.561e+12
5782.5	8.587e+12
5783	8.613e+12
5783.5	8.639e+12
5784	8.664e+12
5784.5	8.69e+12
5785	8.715e+12
5785.5	8.741e+12
5786	8.766e+12
5786.5	8.792e+12
5787	8.817e+12
5787.5	8.842e+12
5788	8.867e+12
5788.5	8.892e+12
5789	8.917e+12
5789.5	8.942e+12
5790	8.967e+12
5790.5	8.992e+12
5791	9.016e+12
5791.5	9.041e+12
5792	9.066e+12
5792.5	9.09e+12
5793	9.115e+12
5793.5	9.139e+12
5794	9.163e+12
5794.5	9.188e+12
5795	9.212e+12
5795.5	9.236e+12
5796	9.259e+12
5796.5	9.283e+12
5797	9.307e+12
5797.5	9.331e+12
5798	9.354e+12
5798.5	9.377e+12
5799	9.4e+12
5799.5	9.423e+12
5800	9.447e+12
5800.5	9.47e+12
5801	9.492e+12
5801.5	9.515e+12
5802	9.537e+12
5802.5	9.56e+12
5803	9.582e+12
5803.5	9.604e+12
5804	9.626e+12
5804.5	9.648e+12
5805	9.669e+12
5805.5	9.691e+12
5806	9.712e+12
5806.5	9.733e+12
5807	9.754e+12
5807.5	9.775e+12
5808	9.796e+12
5808.5	9.816e+12
5809	9.837e+12
5809.5	9.857e+12
5810	9.877e+12
5810.5	9.897e+12
5811	9.917e+12
5811.5	9.936e+12
5812	9.956e+12
5812.5	9.975e+12
5813	9.994e+12
5813.5	1.001e+13
5814	1.003e+13
5814.5	1.005e+13
5815	1.007e+13
5815.5	1.009e+13
5816	1.01e+13
5816.5	1.012e+13
5817	1.014e+13
5817.5	1.016e+13
5818	1.017e+13
5818.5	1.019e+13
5819	1.021e+13
5819.5	1.022e+13
5820	1.024e+13
5820.5	1.026e+13
5821	1.027e+13
5821.5	1.029e+13
5822	1.03e+13
5822.5	1.032e+13
5823	1.033e+13
5823.5	1.035e+13
5824	1.036e+13
5824.5	1.038e+13
5825	1.039e+13
5825.5	1.04e+13
5826	1.042e+13
5826.5	1.043e+13
5827	1.045e+13
5827.5	1.046e+13
5828	1.047e+13
5828.5	1.048e+13
5829	1.05e+13
5829.5	1.051e+13
5830	1.052e+13
5830.5	1.053e+13
5831	1.055e+13
5831.5	1.056e+13
5832	1.057e+13
5832.5	1.058e+13
5833	1.059e+13
5833.5	1.06e+13
5834	1.061e+13
5834.5	1.062e+13
5835	1.063e+13
5835.5	1.064e+13
5836	1.065e+13
5836.5	1.066e+13
5837	1.067e+13
5837.5	1.068e+13
5838	1.069e+13
5838.5	1.07e+13
5839	1.071e+13
5839.5	1.072e+13
5840	1.073e+13
5840.5	1.074e+13
5841	1.074e+13
5841.5	1.075e+13
5842	1.076e+13
5842.5	1.077e+13
5843	1.077e+13
5843.5	1.078e+13
5844	1.079e+13
5844.5	1.08e+13
5845	1.08e+13
5845.5	1.081e+13
5846	1.082e+13
5846.5	1.082e+13
5847	1.083e+13
5847.5	1.083e+13
5848	1.084e+13
5848.5	1.084e+13
5849	1.085e+13
5849.5	1.085e+13
5850	1.086e+13
5850.5	1.086e+13
5851	1.087e+13
5851.5	1.087e+13
5852	1.088e+13
5852.5	1.088e+13
5853	1.089e+13
5853.5	1.089e+13
5854	1.089e+13
5854.5	1.09e+13
5855	1.09e+13
5855.5	1.09e+13
5856	1.091e+13
5856.5	1.091e+13
5857	1.091e+13
5857.5	1.091e+13
5858	1.092e+13
5858.5	1.092e+13
5859	1.092e+13
5859.5	1.092e+13
5860	1.092e+13
5860.5	1.092e+13
5861	1.093e+13
5861.5	1.093e+13
5862	1.093e+13
5862.5	1.093e+13
5863	1.093e+13
5863.5	1.093e+13
5864	1.093e+13
5864.5	1.093e+13
5865	1.093e+13
5865.5	1.093e+13
5866	1.093e+13
5866.5	1.093e+13
5867	1.093e+13
5867.5	1.093e+13
5868	1.093e+13
5868.5	1.093e+13
5869	1.093e+13
5869.5	1.093e+13
5870	1.092e+13
5870.5	1.092e+13
5871	1.092e+13
5871.5	1.092e+13
5872	1.092e+13
5872.5	1.092e+13
5873	1.092e+13
5873.5	1.092e+13
5874	1.091e+13
5874.5	1.091e+13
5875	1.091e+13
5875.5	1.091e+13
5876	1.091e+13
5876.5	1.09e+13
5877	1.09e+13
5877.5	1.09e+13
5878	1.09e+13
5878.5	1.09e+13
5879	1.089e+13
5879.5	1.089e+13
5880	1.089e+13
5880.5	1.089e+13
5881	1.089e+13
5881.5	1.088e+13
5882	1.088e+13
5882.5	1.088e+13
5883	1.088e+13
5883.5	1.088e+13
5884	1.087e+13
5884.5	1.087e+13
5885	1.087e+13
5885.5	1.087e+13
5886	1.087e+13
5886.5	1.086e+13
5887	1.086e+13
5887.5	1.086e+13
5888	1.086e+13
5888.5	1.085e+13
5889	1.085e+13
5889.5	1.085e+13
5890	1.085e+13
5890.5	1.085e+13
5891	1.085e+13
5891.5	1.084e+13
5892	1.084e+13
5892.5	1.084e+13
5893	1.084e+13
5893.5	1.084e+13
5894	1.083e+13
5894.5	1.083e+13
5895	1.083e+13
5895.5	1.083e+13
5896	1.083e+13
5896.5	1.083e+13
5897	1.082e+13
5897.5	1.082e+13
5898	1.082e+13
5898.5	1.082e+13
5899	1.082e+13
5899.5	1.082e+13
5900	1.082e+13
5900.5	1.081e+13
5901	1.081e+13
5901.5	1.081e+13
5902	1.081e+13
5902.5	1.081e+13
5903	1.081e+13
5903.5	1.081e+13
5904	1.081e+13
5904.5	1.08e+13
5905	1.08e+13
5905.5	1.08e+13
5906	1.08e+13
5906.5	1.08e+13
5907	1.08e+13
5907.5	1.08e+13
5908	1.08e+13
5908.5	1.08e+13
5909	1.08e+13
5909.5	1.079e+13
5910	1.079e+13
5910.5	1.079e+13
5911	1.079e+13
5911.5	1.079e+13
5912	1.079e+13
5912.5	1.079e+13
5913	1.079e+13
5913.5	1.079e+13
5914	1.079e+13
5914.5	1.079e+13
5915	1.079e+13
5915.5	1.079e+13
5916	1.079e+13
5916.5	1.079e+13
5917	1.079e+13
5917.5	1.079e+13
5918	1.079e+13
5918.5	1.079e+13
5919	1.079e+13
5919.5	1.079e+13
5920	1.079e+13
5920.5	1.079e+13
5921	1.079e+13
5921.5	1.079e+13
5922	1.079e+13
5922.5	1.079e+13
5923	1.079e+13
5923.5	1.079e+13
5924	1.079e+13
5924.5	1.079e+13
5925	1.079e+13
5925.5	1.079e+13
5926	1.079e+13
5926.5	1.079e+13
5927	1.08e+13
5927.5	1.08e+13
5928	1.08e+13
5928.5	1.08e+13
5929	1.08e+13
5929.5	1.08e+13
5930	1.08e+13
5930.5	1.08e+13
5931	1.08e+13
5931.5	1.081e+13
5932	1.081e+13
5932.5	1.081e+13
5933	1.081e+13
5933.5	1.081e+13
5934	1.081e+13
5934.5	1.081e+13
5935	1.082e+13
5935.5	1.082e+13
5936	1.082e+13
5936.5	1.082e+13
5937	1.082e+13
5937.5	1.082e+13
5938	1.082e+13
5938.5	1.083e+13
5939	1.083e+13
5939.5	1.083e+13
5940	1.083e+13
5940.5	1.083e+13
5941	1.083e+13
5941.5	1.084e+13
5942	1.084e+13
5942.5	1.084e+13
5943	1.084e+13
5943.5	1.084e+13
5944	1.084e+13
5944.5	1.084e+13
5945	1.084e+13
5945.5	1.085e+13
5946	1.085e+13
5946.5	1.085e+13
5947	1.085e+13
5947.5	1.085e+13
5948	1.085e+13
5948.5	1.085e+13
5949	1.085e+13
5949.5	1.086e+13
5950	1.086e+13
5950.5	1.086e+13
5951	1.086e+13
5951.5	1.086e+13
5952	1.086e+13
5952.5	1.086e+13
5953	1.086e+13
5953.5	1.086e+13
5954	1.087e+13
5954.5	1.087e+13
5955	1.087e+13
5955.5	1.087e+13
5956	1.087e+13
5956.5	1.087e+13
5957	1.087e+13
5957.5	1.087e+13
5958	1.087e+13
5958.5	1.087e+13
5959	1.087e+13
5959.5	1.087e+13
5960	1.087e+13
5960.5	1.088e+13
5961	1.088e+13
5961.5	1.088e+13
5962	1.088e+13
5962.5	1.088e+13
5963	1.088e+13
5963.5	1.088e+13
5964	1.088e+13
5964.5	1.088e+13
5965	1.088e+13
5965.5	1.088e+13
5966	1.088e+13
5966.5	1.088e+13
5967	1.088e+13
5967.5	1.088e+13
5968	1.088e+13
5968.5	1.088e+13
5969	1.088e+13
5969.5	1.088e+13
5970	1.088e+13
5970.5	1.088e+13
5971	1.088e+13
5971.5	1.088e+13
5972	1.088e+13
5972.5	1.088e+13
5973	1.088e+13
5973.5	1.088e+13
5974	1.088e+13
5974.5	1.088e+13
5975	1.088e+13
5975.5	1.088e+13
5976	1.089e+13
5976.5	1.089e+13
5977	1.089e+13
5977.5	1.089e+13
5978	1.089e+13
5978.5	1.089e+13
5979	1.089e+13
5979.5	1.089e+13
5980	1.089e+13
5980.5	1.089e+13
5981	1.089e+13
5981.5	1.089e+13
5982	1.089e+13
5982.5	1.089e+13
5983	1.089e+13
5983.5	1.089e+13
5984	1.089e+13
5984.5	1.089e+13
5985	1.089e+13
5985.5	1.089e+13
5986	1.089e+13
5986.5	1.089e+13
5987	1.089e+13
5987.5	1.089e+13
5988	1.089e+13
5988.5	1.089e+13
5989	1.089e+13
5989.5	1.089e+13
5990	1.089e+13
5990.5	1.089e+13
5991	1.089e+13
5991.5	1.089e+13
5992	1.089e+13
5992.5	1.09e+13
5993	1.09e+13
5993.5	1.09e+13
5994	1.09e+13
5994.5	1.09e+13
5995	1.09e+13
5995.5	1.09e+13
5996	1.09e+13
5996.5	1.09e+13
5997	1.09e+13
5997.5	1.09e+13
5998	1.09e+13
5998.5	1.09e+13
5999	1.09e+13
5999.5	1.09e+13
6000	1.09e+13
