Energy	Plot 1
4000	1.357e+11
4000.5	1.361e+11
4001	1.366e+11
4001.5	1.37e+11
4002	1.375e+11
4002.5	1.38e+11
4003	1.384e+11
4003.5	1.389e+11
4004	1.394e+11
4004.5	1.399e+11
4005	1.404e+11
4005.5	1.409e+11
4006	1.414e+11
4006.5	1.419e+11
4007	1.425e+11
4007.5	1.43e+11
4008	1.435e+11
4008.5	1.44e+11
4009	1.446e+11
4009.5	1.451e+11
4010	1.456e+11
4010.5	1.462e+11
4011	1.467e+11
4011.5	1.473e+11
4012	1.478e+11
4012.5	1.484e+11
4013	1.49e+11
4013.5	1.495e+11
4014	1.501e+11
4014.5	1.506e+11
4015	1.512e+11
4015.5	1.518e+11
4016	1.523e+11
4016.5	1.529e+11
4017	1.535e+11
4017.5	1.54e+11
4018	1.546e+11
4018.5	1.552e+11
4019	1.557e+11
4019.5	1.563e+11
4020	1.569e+11
4020.5	1.574e+11
4021	1.58e+11
4021.5	1.586e+11
4022	1.591e+11
4022.5	1.597e+11
4023	1.602e+11
4023.5	1.608e+11
4024	1.613e+11
4024.5	1.619e+11
4025	1.624e+11
4025.5	1.63e+11
4026	1.635e+11
4026.5	1.641e+11
4027	1.646e+11
4027.5	1.651e+11
4028	1.657e+11
4028.5	1.662e+11
4029	1.667e+11
4029.5	1.672e+11
4030	1.677e+11
4030.5	1.682e+11
4031	1.687e+11
4031.5	1.693e+11
4032	1.697e+11
4032.5	1.702e+11
4033	1.707e+11
4033.5	1.712e+11
4034	1.717e+11
4034.5	1.722e+11
4035	1.727e+11
4035.5	1.731e+11
4036	1.736e+11
4036.5	1.741e+11
4037	1.745e+11
4037.5	1.75e+11
4038	1.754e+11
4038.5	1.759e+11
4039	1.763e+11
4039.5	1.768e+11
4040	1.773e+11
4040.5	1.777e+11
4041	1.781e+11
4041.5	1.786e+11
4042	1.79e+11
4042.5	1.794e+11
4043	1.799e+11
4043.5	1.803e+11
4044	1.807e+11
4044.5	1.812e+11
4045	1.816e+11
4045.5	1.82e+11
4046	1.825e+11
4046.5	1.829e+11
4047	1.833e+11
4047.5	1.838e+11
4048	1.842e+11
4048.5	1.846e+11
4049	1.851e+11
4049.5	1.855e+11
4050	1.859e+11
4050.5	1.864e+11
4051	1.868e+11
4051.5	1.873e+11
4052	1.877e+11
4052.5	1.882e+11
4053	1.887e+11
4053.5	1.891e+11
4054	1.896e+11
4054.5	1.901e+11
4055	1.906e+11
4055.5	1.911e+11
4056	1.916e+11
4056.5	1.921e+11
4057	1.926e+11
4057.5	1.932e+11
4058	1.938e+11
4058.5	1.943e+11
4059	1.949e+11
4059.5	1.955e+11
4060	1.961e+11
4060.5	1.967e+11
4061	1.973e+11
4061.5	1.979e+11
4062	1.986e+11
4062.5	1.993e+11
4063	1.999e+11
4063.5	2.007e+11
4064	2.014e+11
4064.5	2.021e+11
4065	2.028e+11
4065.5	2.036e+11
4066	2.044e+11
4066.5	2.052e+11
4067	2.06e+11
4067.5	2.069e+11
4068	2.077e+11
4068.5	2.086e+11
4069	2.095e+11
4069.5	2.104e+11
4070	2.114e+11
4070.5	2.123e+11
4071	2.133e+11
4071.5	2.142e+11
4072	2.152e+11
4072.5	2.163e+11
4073	2.173e+11
4073.5	2.184e+11
4074	2.194e+11
4074.5	2.205e+11
4075	2.216e+11
4075.5	2.227e+11
4076	2.239e+11
4076.5	2.25e+11
4077	2.262e+11
4077.5	2.273e+11
4078	2.285e+11
4078.5	2.297e+11
4079	2.309e+11
4079.5	2.321e+11
4080	2.334e+11
4080.5	2.346e+11
4081	2.358e+11
4081.5	2.371e+11
4082	2.384e+11
4082.5	2.396e+11
4083	2.409e+11
4083.5	2.422e+11
4084	2.434e+11
4084.5	2.447e+11
4085	2.46e+11
4085.5	2.473e+11
4086	2.486e+11
4086.5	2.499e+11
4087	2.512e+11
4087.5	2.524e+11
4088	2.537e+11
4088.5	2.55e+11
4089	2.563e+11
4089.5	2.575e+11
4090	2.588e+11
4090.5	2.601e+11
4091	2.613e+11
4091.5	2.625e+11
4092	2.638e+11
4092.5	2.65e+11
4093	2.662e+11
4093.5	2.674e+11
4094	2.686e+11
4094.5	2.697e+11
4095	2.709e+11
4095.5	2.72e+11
4096	2.732e+11
4096.5	2.743e+11
4097	2.754e+11
4097.5	2.764e+11
4098	2.775e+11
4098.5	2.785e+11
4099	2.795e+11
4099.5	2.805e+11
4100	2.815e+11
4100.5	2.825e+11
4101	2.834e+11
4101.5	2.843e+11
4102	2.852e+11
4102.5	2.861e+11
4103	2.87e+11
4103.5	2.878e+11
4104	2.887e+11
4104.5	2.895e+11
4105	2.903e+11
4105.5	2.911e+11
4106	2.919e+11
4106.5	2.926e+11
4107	2.933e+11
4107.5	2.941e+11
4108	2.948e+11
4108.5	2.955e+11
4109	2.962e+11
4109.5	2.969e+11
4110	2.976e+11
4110.5	2.983e+11
4111	2.989e+11
4111.5	2.996e+11
4112	3.002e+11
4112.5	3.009e+11
4113	3.015e+11
4113.5	3.022e+11
4114	3.028e+11
4114.5	3.035e+11
4115	3.041e+11
4115.5	3.048e+11
4116	3.054e+11
4116.5	3.061e+11
4117	3.068e+11
4117.5	3.075e+11
4118	3.081e+11
4118.5	3.088e+11
4119	3.095e+11
4119.5	3.103e+11
4120	3.11e+11
4120.5	3.118e+11
4121	3.125e+11
4121.5	3.133e+11
4122	3.141e+11
4122.5	3.15e+11
4123	3.158e+11
4123.5	3.167e+11
4124	3.176e+11
4124.5	3.185e+11
4125	3.194e+11
4125.5	3.204e+11
4126	3.214e+11
4126.5	3.224e+11
4127	3.234e+11
4127.5	3.245e+11
4128	3.256e+11
4128.5	3.268e+11
4129	3.279e+11
4129.5	3.291e+11
4130	3.304e+11
4130.5	3.316e+11
4131	3.329e+11
4131.5	3.343e+11
4132	3.356e+11
4132.5	3.37e+11
4133	3.384e+11
4133.5	3.399e+11
4134	3.414e+11
4134.5	3.43e+11
4135	3.445e+11
4135.5	3.461e+11
4136	3.477e+11
4136.5	3.494e+11
4137	3.511e+11
4137.5	3.528e+11
4138	3.546e+11
4138.5	3.564e+11
4139	3.582e+11
4139.5	3.6e+11
4140	3.619e+11
4140.5	3.638e+11
4141	3.657e+11
4141.5	3.676e+11
4142	3.696e+11
4142.5	3.715e+11
4143	3.736e+11
4143.5	3.756e+11
4144	3.776e+11
4144.5	3.797e+11
4145	3.817e+11
4145.5	3.838e+11
4146	3.859e+11
4146.5	3.88e+11
4147	3.901e+11
4147.5	3.922e+11
4148	3.943e+11
4148.5	3.963e+11
4149	3.985e+11
4149.5	4.006e+11
4150	4.027e+11
4150.5	4.048e+11
4151	4.069e+11
4151.5	4.089e+11
4152	4.111e+11
4152.5	4.131e+11
4153	4.152e+11
4153.5	4.172e+11
4154	4.193e+11
4154.5	4.213e+11
4155	4.233e+11
4155.5	4.253e+11
4156	4.273e+11
4156.5	4.293e+11
4157	4.312e+11
4157.5	4.331e+11
4158	4.351e+11
4158.5	4.369e+11
4159	4.388e+11
4159.5	4.407e+11
4160	4.425e+11
4160.5	4.443e+11
4161	4.461e+11
4161.5	4.479e+11
4162	4.496e+11
4162.5	4.513e+11
4163	4.53e+11
4163.5	4.547e+11
4164	4.563e+11
4164.5	4.579e+11
4165	4.595e+11
4165.5	4.611e+11
4166	4.626e+11
4166.5	4.642e+11
4167	4.657e+11
4167.5	4.671e+11
4168	4.686e+11
4168.5	4.7e+11
4169	4.714e+11
4169.5	4.728e+11
4170	4.741e+11
4170.5	4.755e+11
4171	4.768e+11
4171.5	4.781e+11
4172	4.793e+11
4172.5	4.806e+11
4173	4.818e+11
4173.5	4.831e+11
4174	4.842e+11
4174.5	4.854e+11
4175	4.866e+11
4175.5	4.877e+11
4176	4.889e+11
4176.5	4.9e+11
4177	4.911e+11
4177.5	4.921e+11
4178	4.932e+11
4178.5	4.943e+11
4179	4.953e+11
4179.5	4.963e+11
4180	4.974e+11
4180.5	4.984e+11
4181	4.994e+11
4181.5	5.004e+11
4182	5.014e+11
4182.5	5.024e+11
4183	5.034e+11
4183.5	5.044e+11
4184	5.055e+11
4184.5	5.065e+11
4185	5.075e+11
4185.5	5.085e+11
4186	5.095e+11
4186.5	5.106e+11
4187	5.117e+11
4187.5	5.127e+11
4188	5.138e+11
4188.5	5.149e+11
4189	5.16e+11
4189.5	5.171e+11
4190	5.183e+11
4190.5	5.194e+11
4191	5.206e+11
4191.5	5.218e+11
4192	5.231e+11
4192.5	5.243e+11
4193	5.256e+11
4193.5	5.269e+11
4194	5.283e+11
4194.5	5.296e+11
4195	5.31e+11
4195.5	5.325e+11
4196	5.34e+11
4196.5	5.354e+11
4197	5.369e+11
4197.5	5.385e+11
4198	5.4e+11
4198.5	5.416e+11
4199	5.433e+11
4199.5	5.449e+11
4200	5.466e+11
4200.5	5.484e+11
4201	5.501e+11
4201.5	5.519e+11
4202	5.537e+11
4202.5	5.555e+11
4203	5.573e+11
4203.5	5.592e+11
4204	5.611e+11
4204.5	5.63e+11
4205	5.65e+11
4205.5	5.669e+11
4206	5.688e+11
4206.5	5.708e+11
4207	5.728e+11
4207.5	5.749e+11
4208	5.769e+11
4208.5	5.789e+11
4209	5.809e+11
4209.5	5.83e+11
4210	5.85e+11
4210.5	5.871e+11
4211	5.892e+11
4211.5	5.912e+11
4212	5.933e+11
4212.5	5.954e+11
4213	5.975e+11
4213.5	5.996e+11
4214	6.017e+11
4214.5	6.037e+11
4215	6.058e+11
4215.5	6.079e+11
4216	6.099e+11
4216.5	6.12e+11
4217	6.141e+11
4217.5	6.161e+11
4218	6.182e+11
4218.5	6.202e+11
4219	6.222e+11
4219.5	6.243e+11
4220	6.263e+11
4220.5	6.283e+11
4221	6.303e+11
4221.5	6.322e+11
4222	6.342e+11
4222.5	6.362e+11
4223	6.382e+11
4223.5	6.401e+11
4224	6.42e+11
4224.5	6.439e+11
4225	6.458e+11
4225.5	6.478e+11
4226	6.497e+11
4226.5	6.515e+11
4227	6.534e+11
4227.5	6.553e+11
4228	6.571e+11
4228.5	6.59e+11
4229	6.608e+11
4229.5	6.626e+11
4230	6.644e+11
4230.5	6.662e+11
4231	6.68e+11
4231.5	6.698e+11
4232	6.716e+11
4232.5	6.733e+11
4233	6.75e+11
4233.5	6.768e+11
4234	6.785e+11
4234.5	6.803e+11
4235	6.819e+11
4235.5	6.836e+11
4236	6.853e+11
4236.5	6.87e+11
4237	6.887e+11
4237.5	6.903e+11
4238	6.919e+11
4238.5	6.935e+11
4239	6.951e+11
4239.5	6.967e+11
4240	6.984e+11
4240.5	6.999e+11
4241	7.014e+11
4241.5	7.03e+11
4242	7.045e+11
4242.5	7.06e+11
4243	7.075e+11
4243.5	7.089e+11
4244	7.103e+11
4244.5	7.117e+11
4245	7.131e+11
4245.5	7.145e+11
4246	7.159e+11
4246.5	7.172e+11
4247	7.185e+11
4247.5	7.198e+11
4248	7.21e+11
4248.5	7.222e+11
4249	7.235e+11
4249.5	7.247e+11
4250	7.258e+11
4250.5	7.269e+11
4251	7.28e+11
4251.5	7.29e+11
4252	7.301e+11
4252.5	7.311e+11
4253	7.321e+11
4253.5	7.33e+11
4254	7.339e+11
4254.5	7.349e+11
4255	7.357e+11
4255.5	7.366e+11
4256	7.373e+11
4256.5	7.381e+11
4257	7.389e+11
4257.5	7.397e+11
4258	7.404e+11
4258.5	7.411e+11
4259	7.417e+11
4259.5	7.423e+11
4260	7.429e+11
4260.5	7.436e+11
4261	7.442e+11
4261.5	7.447e+11
4262	7.452e+11
4262.5	7.458e+11
4263	7.463e+11
4263.5	7.469e+11
4264	7.474e+11
4264.5	7.478e+11
4265	7.483e+11
4265.5	7.488e+11
4266	7.492e+11
4266.5	7.498e+11
4267	7.503e+11
4267.5	7.508e+11
4268	7.512e+11
4268.5	7.517e+11
4269	7.522e+11
4269.5	7.528e+11
4270	7.533e+11
4270.5	7.539e+11
4271	7.544e+11
4271.5	7.55e+11
4272	7.556e+11
4272.5	7.563e+11
4273	7.57e+11
4273.5	7.577e+11
4274	7.583e+11
4274.5	7.591e+11
4275	7.598e+11
4275.5	7.607e+11
4276	7.615e+11
4276.5	7.624e+11
4277	7.632e+11
4277.5	7.642e+11
4278	7.652e+11
4278.5	7.662e+11
4279	7.672e+11
4279.5	7.683e+11
4280	7.693e+11
4280.5	7.705e+11
4281	7.717e+11
4281.5	7.729e+11
4282	7.741e+11
4282.5	7.754e+11
4283	7.766e+11
4283.5	7.779e+11
4284	7.793e+11
4284.5	7.807e+11
4285	7.821e+11
4285.5	7.835e+11
4286	7.849e+11
4286.5	7.864e+11
4287	7.879e+11
4287.5	7.894e+11
4288	7.91e+11
4288.5	7.925e+11
4289	7.94e+11
4289.5	7.956e+11
4290	7.973e+11
4290.5	7.989e+11
4291	8.006e+11
4291.5	8.022e+11
4292	8.038e+11
4292.5	8.055e+11
4293	8.073e+11
4293.5	8.09e+11
4294	8.108e+11
4294.5	8.125e+11
4295	8.142e+11
4295.5	8.16e+11
4296	8.178e+11
4296.5	8.196e+11
4297	8.215e+11
4297.5	8.233e+11
4298	8.25e+11
4298.5	8.269e+11
4299	8.288e+11
4299.5	8.307e+11
4300	8.325e+11
4300.5	8.344e+11
4301	8.362e+11
4301.5	8.382e+11
4302	8.401e+11
4302.5	8.419e+11
4303	8.438e+11
4303.5	8.457e+11
4304	8.475e+11
4304.5	8.495e+11
4305	8.513e+11
4305.5	8.532e+11
4306	8.55e+11
4306.5	8.568e+11
4307	8.586e+11
4307.5	8.605e+11
4308	8.622e+11
4308.5	8.64e+11
4309	8.657e+11
4309.5	8.674e+11
4310	8.69e+11
4310.5	8.707e+11
4311	8.724e+11
4311.5	8.739e+11
4312	8.755e+11
4312.5	8.77e+11
4313	8.784e+11
4313.5	8.799e+11
4314	8.812e+11
4314.5	8.826e+11
4315	8.839e+11
4315.5	8.851e+11
4316	8.863e+11
4316.5	8.875e+11
4317	8.886e+11
4317.5	8.897e+11
4318	8.908e+11
4318.5	8.917e+11
4319	8.926e+11
4319.5	8.936e+11
4320	8.945e+11
4320.5	8.954e+11
4321	8.962e+11
4321.5	8.97e+11
4322	8.977e+11
4322.5	8.985e+11
4323	8.993e+11
4323.5	9e+11
4324	9.007e+11
4324.5	9.013e+11
4325	9.02e+11
4325.5	9.027e+11
4326	9.034e+11
4326.5	9.041e+11
4327	9.048e+11
4327.5	9.055e+11
4328	9.063e+11
4328.5	9.07e+11
4329	9.078e+11
4329.5	9.086e+11
4330	9.095e+11
4330.5	9.104e+11
4331	9.113e+11
4331.5	9.123e+11
4332	9.134e+11
4332.5	9.144e+11
4333	9.156e+11
4333.5	9.168e+11
4334	9.181e+11
4334.5	9.194e+11
4335	9.208e+11
4335.5	9.223e+11
4336	9.239e+11
4336.5	9.255e+11
4337	9.272e+11
4337.5	9.29e+11
4338	9.309e+11
4338.5	9.328e+11
4339	9.348e+11
4339.5	9.369e+11
4340	9.391e+11
4340.5	9.414e+11
4341	9.438e+11
4341.5	9.462e+11
4342	9.488e+11
4342.5	9.514e+11
4343	9.541e+11
4343.5	9.569e+11
4344	9.598e+11
4344.5	9.628e+11
4345	9.658e+11
4345.5	9.69e+11
4346	9.723e+11
4346.5	9.756e+11
4347	9.79e+11
4347.5	9.825e+11
4348	9.861e+11
4348.5	9.898e+11
4349	9.936e+11
4349.5	9.975e+11
4350	1.001e+12
4350.5	1.006e+12
4351	1.01e+12
4351.5	1.014e+12
4352	1.018e+12
4352.5	1.023e+12
4353	1.027e+12
4353.5	1.032e+12
4354	1.037e+12
4354.5	1.041e+12
4355	1.046e+12
4355.5	1.051e+12
4356	1.056e+12
4356.5	1.062e+12
4357	1.067e+12
4357.5	1.072e+12
4358	1.078e+12
4358.5	1.084e+12
4359	1.089e+12
4359.5	1.095e+12
4360	1.101e+12
4360.5	1.107e+12
4361	1.113e+12
4361.5	1.119e+12
4362	1.126e+12
4362.5	1.132e+12
4363	1.139e+12
4363.5	1.146e+12
4364	1.152e+12
4364.5	1.159e+12
4365	1.166e+12
4365.5	1.173e+12
4366	1.181e+12
4366.5	1.188e+12
4367	1.195e+12
4367.5	1.203e+12
4368	1.211e+12
4368.5	1.218e+12
4369	1.226e+12
4369.5	1.234e+12
4370	1.243e+12
4370.5	1.251e+12
4371	1.259e+12
4371.5	1.268e+12
4372	1.276e+12
4372.5	1.285e+12
4373	1.294e+12
4373.5	1.303e+12
4374	1.312e+12
4374.5	1.321e+12
4375	1.331e+12
4375.5	1.34e+12
4376	1.35e+12
4376.5	1.36e+12
4377	1.37e+12
4377.5	1.38e+12
4378	1.39e+12
4378.5	1.4e+12
4379	1.411e+12
4379.5	1.422e+12
4380	1.433e+12
4380.5	1.444e+12
4381	1.455e+12
4381.5	1.466e+12
4382	1.478e+12
4382.5	1.489e+12
4383	1.501e+12
4383.5	1.513e+12
4384	1.526e+12
4384.5	1.538e+12
4385	1.551e+12
4385.5	1.564e+12
4386	1.577e+12
4386.5	1.59e+12
4387	1.604e+12
4387.5	1.617e+12
4388	1.631e+12
4388.5	1.645e+12
4389	1.66e+12
4389.5	1.674e+12
4390	1.689e+12
4390.5	1.704e+12
4391	1.72e+12
4391.5	1.735e+12
4392	1.751e+12
4392.5	1.767e+12
4393	1.784e+12
4393.5	1.8e+12
4394	1.817e+12
4394.5	1.835e+12
4395	1.852e+12
4395.5	1.87e+12
4396	1.888e+12
4396.5	1.906e+12
4397	1.925e+12
4397.5	1.944e+12
4398	1.963e+12
4398.5	1.983e+12
4399	2.003e+12
4399.5	2.023e+12
4400	2.043e+12
4400.5	2.064e+12
4401	2.085e+12
4401.5	2.107e+12
4402	2.129e+12
4402.5	2.151e+12
4403	2.174e+12
4403.5	2.197e+12
4404	2.22e+12
4404.5	2.244e+12
4405	2.268e+12
4405.5	2.292e+12
4406	2.317e+12
4406.5	2.342e+12
4407	2.368e+12
4407.5	2.394e+12
4408	2.42e+12
4408.5	2.447e+12
4409	2.474e+12
4409.5	2.502e+12
4410	2.53e+12
4410.5	2.559e+12
4411	2.588e+12
4411.5	2.617e+12
4412	2.646e+12
4412.5	2.677e+12
4413	2.707e+12
4413.5	2.739e+12
4414	2.77e+12
4414.5	2.802e+12
4415	2.834e+12
4415.5	2.867e+12
4416	2.901e+12
4416.5	2.935e+12
4417	2.969e+12
4417.5	3.004e+12
4418	3.039e+12
4418.5	3.075e+12
4419	3.112e+12
4419.5	3.149e+12
4420	3.186e+12
4420.5	3.224e+12
4421	3.262e+12
4421.5	3.301e+12
4422	3.341e+12
4422.5	3.381e+12
4423	3.421e+12
4423.5	3.462e+12
4424	3.504e+12
4424.5	3.546e+12
4425	3.589e+12
4425.5	3.632e+12
4426	3.676e+12
4426.5	3.72e+12
4427	3.765e+12
4427.5	3.811e+12
4428	3.857e+12
4428.5	3.904e+12
4429	3.951e+12
4429.5	3.999e+12
4430	4.048e+12
4430.5	4.097e+12
4431	4.147e+12
4431.5	4.197e+12
4432	4.248e+12
4432.5	4.3e+12
4433	4.352e+12
4433.5	4.405e+12
4434	4.459e+12
4434.5	4.513e+12
4435	4.568e+12
4435.5	4.623e+12
4436	4.68e+12
4436.5	4.736e+12
4437	4.795e+12
4437.5	4.853e+12
4438	4.912e+12
4438.5	4.972e+12
4439	5.032e+12
4439.5	5.093e+12
4440	5.156e+12
4440.5	5.218e+12
4441	5.282e+12
4441.5	5.346e+12
4442	5.411e+12
4442.5	5.477e+12
4443	5.544e+12
4443.5	5.611e+12
4444	5.679e+12
4444.5	5.748e+12
4445	5.818e+12
4445.5	5.889e+12
4446	5.961e+12
4446.5	6.033e+12
4447	6.106e+12
4447.5	6.18e+12
4448	6.255e+12
4448.5	6.332e+12
4449	6.408e+12
4449.5	6.486e+12
4450	6.564e+12
4450.5	6.643e+12
4451	6.723e+12
4451.5	6.806e+12
4452	6.888e+12
4452.5	6.971e+12
4453	7.054e+12
4453.5	7.139e+12
4454	7.225e+12
4454.5	7.312e+12
4455	7.4e+12
4455.5	7.489e+12
4456	7.578e+12
4456.5	7.668e+12
4457	7.76e+12
4457.5	7.853e+12
4458	7.947e+12
4458.5	8.041e+12
4459	8.136e+12
4459.5	8.232e+12
4460	8.33e+12
4460.5	8.429e+12
4461	8.528e+12
4461.5	8.629e+12
4462	8.729e+12
4462.5	8.832e+12
4463	8.935e+12
4463.5	9.04e+12
4464	9.145e+12
4464.5	9.251e+12
4465	9.358e+12
4465.5	9.466e+12
4466	9.576e+12
4466.5	9.686e+12
4467	9.797e+12
4467.5	9.909e+12
4468	1.002e+13
4468.5	1.014e+13
4469	1.025e+13
4469.5	1.037e+13
4470	1.048e+13
4470.5	1.06e+13
4471	1.072e+13
4471.5	1.084e+13
4472	1.096e+13
4472.5	1.108e+13
4473	1.12e+13
4473.5	1.133e+13
4474	1.145e+13
4474.5	1.158e+13
4475	1.17e+13
4475.5	1.183e+13
4476	1.196e+13
4476.5	1.209e+13
4477	1.221e+13
4477.5	1.234e+13
4478	1.248e+13
4478.5	1.261e+13
4479	1.274e+13
4479.5	1.287e+13
4480	1.301e+13
4480.5	1.314e+13
4481	1.328e+13
4481.5	1.341e+13
4482	1.355e+13
4482.5	1.369e+13
4483	1.382e+13
4483.5	1.396e+13
4484	1.41e+13
4484.5	1.424e+13
4485	1.438e+13
4485.5	1.452e+13
4486	1.467e+13
4486.5	1.481e+13
4487	1.495e+13
4487.5	1.509e+13
4488	1.524e+13
4488.5	1.538e+13
4489	1.552e+13
4489.5	1.567e+13
4490	1.581e+13
4490.5	1.595e+13
4491	1.61e+13
4491.5	1.624e+13
4492	1.639e+13
4492.5	1.653e+13
4493	1.668e+13
4493.5	1.682e+13
4494	1.696e+13
4494.5	1.711e+13
4495	1.725e+13
4495.5	1.739e+13
4496	1.754e+13
4496.5	1.768e+13
4497	1.782e+13
4497.5	1.796e+13
4498	1.81e+13
4498.5	1.825e+13
4499	1.839e+13
4499.5	1.853e+13
4500	1.866e+13
4500.5	1.88e+13
4501	1.894e+13
4501.5	1.908e+13
4502	1.921e+13
4502.5	1.934e+13
4503	1.948e+13
4503.5	1.961e+13
4504	1.974e+13
4504.5	1.987e+13
4505	2e+13
4505.5	2.013e+13
4506	2.025e+13
4506.5	2.038e+13
4507	2.05e+13
4507.5	2.062e+13
4508	2.074e+13
4508.5	2.086e+13
4509	2.098e+13
4509.5	2.109e+13
4510	2.12e+13
4510.5	2.132e+13
4511	2.143e+13
4511.5	2.153e+13
4512	2.164e+13
4512.5	2.174e+13
4513	2.184e+13
4513.5	2.194e+13
4514	2.204e+13
4514.5	2.213e+13
4515	2.223e+13
4515.5	2.232e+13
4516	2.241e+13
4516.5	2.249e+13
4517	2.257e+13
4517.5	2.266e+13
4518	2.273e+13
4518.5	2.281e+13
4519	2.288e+13
4519.5	2.296e+13
4520	2.302e+13
4520.5	2.309e+13
4521	2.315e+13
4521.5	2.322e+13
4522	2.328e+13
4522.5	2.333e+13
4523	2.339e+13
4523.5	2.344e+13
4524	2.349e+13
4524.5	2.353e+13
4525	2.358e+13
4525.5	2.362e+13
4526	2.366e+13
4526.5	2.369e+13
4527	2.373e+13
4527.5	2.376e+13
4528	2.379e+13
4528.5	2.381e+13
4529	2.384e+13
4529.5	2.386e+13
4530	2.388e+13
4530.5	2.39e+13
4531	2.391e+13
4531.5	2.393e+13
4532	2.394e+13
4532.5	2.395e+13
4533	2.395e+13
4533.5	2.396e+13
4534	2.396e+13
4534.5	2.396e+13
4535	2.396e+13
4535.5	2.396e+13
4536	2.396e+13
4536.5	2.395e+13
4537	2.394e+13
4537.5	2.393e+13
4538	2.392e+13
4538.5	2.391e+13
4539	2.39e+13
4539.5	2.388e+13
4540	2.387e+13
4540.5	2.385e+13
4541	2.383e+13
4541.5	2.381e+13
4542	2.379e+13
4542.5	2.377e+13
4543	2.375e+13
4543.5	2.372e+13
4544	2.37e+13
4544.5	2.368e+13
4545	2.365e+13
4545.5	2.363e+13
4546	2.36e+13
4546.5	2.358e+13
4547	2.355e+13
4547.5	2.352e+13
4548	2.35e+13
4548.5	2.347e+13
4549	2.344e+13
4549.5	2.342e+13
4550	2.339e+13
4550.5	2.336e+13
4551	2.334e+13
4551.5	2.331e+13
4552	2.328e+13
4552.5	2.326e+13
4553	2.323e+13
4553.5	2.321e+13
4554	2.318e+13
4554.5	2.316e+13
4555	2.314e+13
4555.5	2.311e+13
4556	2.309e+13
4556.5	2.307e+13
4557	2.305e+13
4557.5	2.303e+13
4558	2.301e+13
4558.5	2.299e+13
4559	2.297e+13
4559.5	2.295e+13
4560	2.294e+13
4560.5	2.292e+13
4561	2.291e+13
4561.5	2.289e+13
4562	2.288e+13
4562.5	2.287e+13
4563	2.285e+13
4563.5	2.284e+13
4564	2.283e+13
4564.5	2.282e+13
4565	2.281e+13
4565.5	2.281e+13
4566	2.28e+13
4566.5	2.279e+13
4567	2.279e+13
4567.5	2.278e+13
4568	2.278e+13
4568.5	2.277e+13
4569	2.277e+13
4569.5	2.277e+13
4570	2.277e+13
4570.5	2.277e+13
4571	2.277e+13
4571.5	2.277e+13
4572	2.277e+13
4572.5	2.277e+13
4573	2.277e+13
4573.5	2.277e+13
4574	2.277e+13
4574.5	2.278e+13
4575	2.278e+13
4575.5	2.278e+13
4576	2.279e+13
4576.5	2.279e+13
4577	2.279e+13
4577.5	2.28e+13
4578	2.28e+13
4578.5	2.28e+13
4579	2.281e+13
4579.5	2.281e+13
4580	2.282e+13
4580.5	2.282e+13
4581	2.283e+13
4581.5	2.283e+13
4582	2.283e+13
4582.5	2.283e+13
4583	2.284e+13
4583.5	2.284e+13
4584	2.284e+13
4584.5	2.284e+13
4585	2.285e+13
4585.5	2.285e+13
4586	2.285e+13
4586.5	2.285e+13
4587	2.285e+13
4587.5	2.285e+13
4588	2.285e+13
4588.5	2.285e+13
4589	2.285e+13
4589.5	2.285e+13
4590	2.285e+13
4590.5	2.285e+13
4591	2.285e+13
4591.5	2.285e+13
4592	2.284e+13
4592.5	2.284e+13
4593	2.284e+13
4593.5	2.284e+13
4594	2.284e+13
4594.5	2.283e+13
4595	2.283e+13
4595.5	2.283e+13
4596	2.283e+13
4596.5	2.282e+13
4597	2.282e+13
4597.5	2.281e+13
4598	2.281e+13
4598.5	2.281e+13
4599	2.28e+13
4599.5	2.28e+13
4600	2.279e+13
4600.5	2.279e+13
4601	2.279e+13
4601.5	2.278e+13
4602	2.278e+13
4602.5	2.277e+13
4603	2.277e+13
4603.5	2.276e+13
4604	2.276e+13
4604.5	2.275e+13
4605	2.275e+13
4605.5	2.274e+13
4606	2.274e+13
4606.5	2.273e+13
4607	2.273e+13
4607.5	2.272e+13
4608	2.272e+13
4608.5	2.271e+13
4609	2.27e+13
4609.5	2.27e+13
4610	2.269e+13
4610.5	2.269e+13
4611	2.268e+13
4611.5	2.267e+13
4612	2.266e+13
4612.5	2.266e+13
4613	2.265e+13
4613.5	2.264e+13
4614	2.263e+13
4614.5	2.262e+13
4615	2.262e+13
4615.5	2.261e+13
4616	2.26e+13
4616.5	2.259e+13
4617	2.258e+13
4617.5	2.257e+13
4618	2.256e+13
4618.5	2.255e+13
4619	2.254e+13
4619.5	2.253e+13
4620	2.252e+13
4620.5	2.251e+13
4621	2.25e+13
4621.5	2.249e+13
4622	2.248e+13
4622.5	2.247e+13
4623	2.245e+13
4623.5	2.244e+13
4624	2.243e+13
4624.5	2.242e+13
4625	2.24e+13
4625.5	2.239e+13
4626	2.238e+13
4626.5	2.236e+13
4627	2.235e+13
4627.5	2.234e+13
4628	2.232e+13
4628.5	2.231e+13
4629	2.229e+13
4629.5	2.228e+13
4630	2.226e+13
4630.5	2.225e+13
4631	2.223e+13
4631.5	2.222e+13
4632	2.22e+13
4632.5	2.219e+13
4633	2.217e+13
4633.5	2.216e+13
4634	2.214e+13
4634.5	2.212e+13
4635	2.211e+13
4635.5	2.209e+13
4636	2.207e+13
4636.5	2.206e+13
4637	2.204e+13
4637.5	2.202e+13
4638	2.201e+13
4638.5	2.199e+13
4639	2.197e+13
4639.5	2.195e+13
4640	2.194e+13
4640.5	2.192e+13
4641	2.19e+13
4641.5	2.188e+13
4642	2.186e+13
4642.5	2.185e+13
4643	2.183e+13
4643.5	2.181e+13
4644	2.179e+13
4644.5	2.177e+13
4645	2.175e+13
4645.5	2.173e+13
4646	2.171e+13
4646.5	2.17e+13
4647	2.168e+13
4647.5	2.165e+13
4648	2.163e+13
4648.5	2.161e+13
4649	2.159e+13
4649.5	2.157e+13
4650	2.155e+13
4650.5	2.152e+13
4651	2.15e+13
4651.5	2.148e+13
4652	2.146e+13
4652.5	2.143e+13
4653	2.141e+13
4653.5	2.138e+13
4654	2.136e+13
4654.5	2.133e+13
4655	2.13e+13
4655.5	2.128e+13
4656	2.125e+13
4656.5	2.122e+13
4657	2.119e+13
4657.5	2.116e+13
4658	2.113e+13
4658.5	2.11e+13
4659	2.107e+13
4659.5	2.103e+13
4660	2.1e+13
4660.5	2.097e+13
4661	2.093e+13
4661.5	2.09e+13
4662	2.086e+13
4662.5	2.082e+13
4663	2.079e+13
4663.5	2.075e+13
4664	2.071e+13
4664.5	2.067e+13
4665	2.063e+13
4665.5	2.058e+13
4666	2.054e+13
4666.5	2.05e+13
4667	2.045e+13
4667.5	2.04e+13
4668	2.036e+13
4668.5	2.031e+13
4669	2.026e+13
4669.5	2.021e+13
4670	2.016e+13
4670.5	2.01e+13
4671	2.005e+13
4671.5	1.999e+13
4672	1.994e+13
4672.5	1.988e+13
4673	1.982e+13
4673.5	1.976e+13
4674	1.97e+13
4674.5	1.963e+13
4675	1.957e+13
4675.5	1.95e+13
4676	1.943e+13
4676.5	1.936e+13
4677	1.929e+13
4677.5	1.922e+13
4678	1.915e+13
4678.5	1.907e+13
4679	1.899e+13
4679.5	1.891e+13
4680	1.883e+13
4680.5	1.875e+13
4681	1.867e+13
4681.5	1.858e+13
4682	1.849e+13
4682.5	1.84e+13
4683	1.831e+13
4683.5	1.822e+13
4684	1.812e+13
4684.5	1.803e+13
4685	1.793e+13
4685.5	1.783e+13
4686	1.772e+13
4686.5	1.762e+13
4687	1.751e+13
4687.5	1.74e+13
4688	1.729e+13
4688.5	1.718e+13
4689	1.707e+13
4689.5	1.695e+13
4690	1.684e+13
4690.5	1.672e+13
4691	1.66e+13
4691.5	1.647e+13
4692	1.635e+13
4692.5	1.622e+13
4693	1.61e+13
4693.5	1.597e+13
4694	1.584e+13
4694.5	1.57e+13
4695	1.557e+13
4695.5	1.543e+13
4696	1.53e+13
4696.5	1.516e+13
4697	1.502e+13
4697.5	1.488e+13
4698	1.473e+13
4698.5	1.459e+13
4699	1.444e+13
4699.5	1.43e+13
4700	1.415e+13
4700.5	1.4e+13
4701	1.385e+13
4701.5	1.37e+13
4702	1.355e+13
4702.5	1.34e+13
4703	1.325e+13
4703.5	1.31e+13
4704	1.294e+13
4704.5	1.279e+13
4705	1.263e+13
4705.5	1.248e+13
4706	1.232e+13
4706.5	1.217e+13
4707	1.201e+13
4707.5	1.186e+13
4708	1.17e+13
4708.5	1.154e+13
4709	1.139e+13
4709.5	1.123e+13
4710	1.108e+13
4710.5	1.092e+13
4711	1.077e+13
4711.5	1.061e+13
4712	1.046e+13
4712.5	1.03e+13
4713	1.015e+13
4713.5	9.995e+12
4714	9.844e+12
4714.5	9.692e+12
4715	9.542e+12
4715.5	9.392e+12
4716	9.242e+12
4716.5	9.094e+12
4717	8.947e+12
4717.5	8.801e+12
4718	8.656e+12
4718.5	8.512e+12
4719	8.368e+12
4719.5	8.226e+12
4720	8.086e+12
4720.5	7.947e+12
4721	7.809e+12
4721.5	7.672e+12
4722	7.535e+12
4722.5	7.402e+12
4723	7.269e+12
4723.5	7.138e+12
4724	7.008e+12
4724.5	6.88e+12
4725	6.752e+12
4725.5	6.627e+12
4726	6.503e+12
4726.5	6.381e+12
4727	6.26e+12
4727.5	6.141e+12
4728	6.022e+12
4728.5	5.906e+12
4729	5.792e+12
4729.5	5.679e+12
4730	5.568e+12
4730.5	5.459e+12
4731	5.35e+12
4731.5	5.244e+12
4732	5.139e+12
4732.5	5.036e+12
4733	4.934e+12
4733.5	4.835e+12
4734	4.735e+12
4734.5	4.639e+12
4735	4.544e+12
4735.5	4.451e+12
4736	4.359e+12
4736.5	4.269e+12
4737	4.179e+12
4737.5	4.092e+12
4738	4.007e+12
4738.5	3.923e+12
4739	3.841e+12
4739.5	3.76e+12
4740	3.679e+12
4740.5	3.602e+12
4741	3.525e+12
4741.5	3.45e+12
4742	3.377e+12
4742.5	3.305e+12
4743	3.233e+12
4743.5	3.164e+12
4744	3.097e+12
4744.5	3.03e+12
4745	2.965e+12
4745.5	2.901e+12
4746	2.838e+12
4746.5	2.777e+12
4747	2.717e+12
4747.5	2.658e+12
4748	2.601e+12
4748.5	2.545e+12
4749	2.489e+12
4749.5	2.435e+12
4750	2.383e+12
4750.5	2.331e+12
4751	2.281e+12
4751.5	2.232e+12
4752	2.183e+12
4752.5	2.136e+12
4753	2.09e+12
4753.5	2.045e+12
4754	2.001e+12
4754.5	1.958e+12
4755	1.915e+12
4755.5	1.874e+12
4756	1.834e+12
4756.5	1.795e+12
4757	1.756e+12
4757.5	1.719e+12
4758	1.682e+12
4758.5	1.646e+12
4759	1.611e+12
4759.5	1.577e+12
4760	1.544e+12
4760.5	1.511e+12
4761	1.479e+12
4761.5	1.448e+12
4762	1.418e+12
4762.5	1.388e+12
4763	1.359e+12
4763.5	1.331e+12
4764	1.303e+12
4764.5	1.277e+12
4765	1.25e+12
4765.5	1.225e+12
4766	1.2e+12
4766.5	1.175e+12
4767	1.151e+12
4767.5	1.128e+12
4768	1.105e+12
4768.5	1.083e+12
4769	1.062e+12
4769.5	1.04e+12
4770	1.019e+12
4770.5	9.994e+11
4771	9.798e+11
4771.5	9.607e+11
4772	9.42e+11
4772.5	9.238e+11
4773	9.057e+11
4773.5	8.883e+11
4774	8.714e+11
4774.5	8.548e+11
4775	8.387e+11
4775.5	8.229e+11
4776	8.072e+11
4776.5	7.922e+11
4777	7.776e+11
4777.5	7.633e+11
4778	7.493e+11
4778.5	7.356e+11
4779	7.221e+11
4779.5	7.091e+11
4780	6.964e+11
4780.5	6.84e+11
4781	6.719e+11
4781.5	6.601e+11
4782	6.483e+11
4782.5	6.371e+11
4783	6.26e+11
4783.5	6.153e+11
4784	6.048e+11
4784.5	5.945e+11
4785	5.844e+11
4785.5	5.746e+11
4786	5.65e+11
4786.5	5.557e+11
4787	5.466e+11
4787.5	5.377e+11
4788	5.288e+11
4788.5	5.203e+11
4789	5.12e+11
4789.5	5.039e+11
4790	4.959e+11
4790.5	4.882e+11
4791	4.804e+11
4791.5	4.73e+11
4792	4.658e+11
4792.5	4.587e+11
4793	4.518e+11
4793.5	4.449e+11
4794	4.383e+11
4794.5	4.318e+11
4795	4.255e+11
4795.5	4.193e+11
4796	4.132e+11
4796.5	4.072e+11
4797	4.014e+11
4797.5	3.957e+11
4798	3.902e+11
4798.5	3.847e+11
4799	3.794e+11
4799.5	3.741e+11
4800	3.691e+11
4800.5	3.641e+11
4801	3.592e+11
4801.5	3.544e+11
4802	3.498e+11
4802.5	3.451e+11
4803	3.406e+11
4803.5	3.362e+11
4804	3.32e+11
4804.5	3.278e+11
4805	3.236e+11
4805.5	3.195e+11
4806	3.156e+11
4806.5	3.117e+11
4807	3.079e+11
4807.5	3.042e+11
4808	3.006e+11
4808.5	2.969e+11
4809	2.934e+11
4809.5	2.9e+11
4810	2.867e+11
4810.5	2.834e+11
4811	2.801e+11
4811.5	2.769e+11
4812	2.738e+11
4812.5	2.707e+11
4813	2.678e+11
4813.5	2.648e+11
4814	2.62e+11
4814.5	2.591e+11
4815	2.563e+11
4815.5	2.536e+11
4816	2.51e+11
4816.5	2.484e+11
4817	2.458e+11
4817.5	2.432e+11
4818	2.408e+11
4818.5	2.383e+11
4819	2.36e+11
4819.5	2.336e+11
4820	2.313e+11
4820.5	2.29e+11
4821	2.268e+11
4821.5	2.247e+11
4822	2.225e+11
4822.5	2.204e+11
4823	2.184e+11
4823.5	2.163e+11
4824	2.143e+11
4824.5	2.124e+11
4825	2.105e+11
4825.5	2.086e+11
4826	2.067e+11
4826.5	2.049e+11
4827	2.031e+11
4827.5	2.013e+11
4828	1.996e+11
4828.5	1.979e+11
4829	1.962e+11
4829.5	1.946e+11
4830	1.93e+11
4830.5	1.914e+11
4831	1.898e+11
4831.5	1.883e+11
4832	1.868e+11
4832.5	1.852e+11
4833	1.838e+11
4833.5	1.823e+11
4834	1.809e+11
4834.5	1.795e+11
4835	1.782e+11
4835.5	1.768e+11
4836	1.755e+11
4836.5	1.742e+11
4837	1.729e+11
4837.5	1.716e+11
4838	1.704e+11
4838.5	1.691e+11
4839	1.679e+11
4839.5	1.667e+11
4840	1.656e+11
4840.5	1.644e+11
4841	1.633e+11
4841.5	1.621e+11
4842	1.61e+11
4842.5	1.599e+11
4843	1.589e+11
4843.5	1.578e+11
4844	1.568e+11
4844.5	1.557e+11
4845	1.547e+11
4845.5	1.537e+11
4846	1.528e+11
4846.5	1.518e+11
4847	1.509e+11
4847.5	1.499e+11
4848	1.49e+11
4848.5	1.481e+11
4849	1.472e+11
4849.5	1.463e+11
4850	1.454e+11
4850.5	1.445e+11
4851	1.437e+11
4851.5	1.429e+11
4852	1.421e+11
4852.5	1.412e+11
4853	1.404e+11
4853.5	1.396e+11
4854	1.389e+11
4854.5	1.381e+11
4855	1.373e+11
4855.5	1.366e+11
4856	1.359e+11
4856.5	1.351e+11
4857	1.344e+11
4857.5	1.337e+11
4858	1.33e+11
4858.5	1.323e+11
4859	1.316e+11
4859.5	1.31e+11
4860	1.303e+11
4860.5	1.297e+11
4861	1.29e+11
4861.5	1.284e+11
4862	1.278e+11
4862.5	1.271e+11
4863	1.265e+11
4863.5	1.259e+11
4864	1.253e+11
4864.5	1.247e+11
4865	1.242e+11
4865.5	1.236e+11
4866	1.23e+11
4866.5	1.225e+11
4867	1.219e+11
4867.5	1.214e+11
4868	1.208e+11
4868.5	1.203e+11
4869	1.198e+11
4869.5	1.193e+11
4870	1.188e+11
4870.5	1.182e+11
4871	1.177e+11
4871.5	1.173e+11
4872	1.168e+11
4872.5	1.163e+11
4873	1.158e+11
4873.5	1.153e+11
4874	1.149e+11
4874.5	1.144e+11
4875	1.14e+11
4875.5	1.135e+11
4876	1.131e+11
4876.5	1.127e+11
4877	1.122e+11
4877.5	1.118e+11
4878	1.114e+11
4878.5	1.11e+11
4879	1.106e+11
4879.5	1.102e+11
4880	1.098e+11
4880.5	1.094e+11
4881	1.09e+11
4881.5	1.086e+11
4882	1.082e+11
4882.5	1.078e+11
4883	1.074e+11
4883.5	1.071e+11
4884	1.067e+11
4884.5	1.064e+11
4885	1.06e+11
4885.5	1.056e+11
4886	1.053e+11
4886.5	1.05e+11
4887	1.046e+11
4887.5	1.043e+11
4888	1.039e+11
4888.5	1.036e+11
4889	1.033e+11
4889.5	1.03e+11
4890	1.027e+11
4890.5	1.023e+11
4891	1.02e+11
4891.5	1.017e+11
4892	1.014e+11
4892.5	1.011e+11
4893	1.008e+11
4893.5	1.005e+11
4894	1.002e+11
4894.5	9.996e+10
4895	9.968e+10
4895.5	9.939e+10
4896	9.911e+10
4896.5	9.884e+10
4897	9.857e+10
4897.5	9.83e+10
4898	9.804e+10
4898.5	9.777e+10
4899	9.751e+10
4899.5	9.726e+10
4900	9.7e+10
4900.5	9.675e+10
4901	9.651e+10
4901.5	9.625e+10
4902	9.601e+10
4902.5	9.577e+10
4903	9.553e+10
4903.5	9.53e+10
4904	9.506e+10
4904.5	9.483e+10
4905	9.46e+10
4905.5	9.438e+10
4906	9.415e+10
4906.5	9.393e+10
4907	9.371e+10
4907.5	9.349e+10
4908	9.328e+10
4908.5	9.307e+10
4909	9.286e+10
4909.5	9.265e+10
4910	9.244e+10
4910.5	9.224e+10
4911	9.204e+10
4911.5	9.184e+10
4912	9.164e+10
4912.5	9.145e+10
4913	9.125e+10
4913.5	9.106e+10
4914	9.087e+10
4914.5	9.069e+10
4915	9.05e+10
4915.5	9.032e+10
4916	9.013e+10
4916.5	8.995e+10
4917	8.978e+10
4917.5	8.96e+10
4918	8.943e+10
4918.5	8.926e+10
4919	8.908e+10
4919.5	8.891e+10
4920	8.875e+10
4920.5	8.858e+10
4921	8.842e+10
4921.5	8.826e+10
4922	8.809e+10
4922.5	8.794e+10
4923	8.778e+10
4923.5	8.762e+10
4924	8.747e+10
4924.5	8.732e+10
4925	8.716e+10
4925.5	8.701e+10
4926	8.687e+10
4926.5	8.672e+10
4927	8.657e+10
4927.5	8.644e+10
4928	8.629e+10
4928.5	8.615e+10
4929	8.601e+10
4929.5	8.587e+10
4930	8.573e+10
4930.5	8.56e+10
4931	8.546e+10
4931.5	8.533e+10
4932	8.52e+10
4932.5	8.507e+10
4933	8.494e+10
4933.5	8.481e+10
4934	8.468e+10
4934.5	8.455e+10
4935	8.443e+10
4935.5	8.431e+10
4936	8.418e+10
4936.5	8.407e+10
4937	8.394e+10
4937.5	8.382e+10
4938	8.371e+10
4938.5	8.359e+10
4939	8.347e+10
4939.5	8.336e+10
4940	8.324e+10
4940.5	8.313e+10
4941	8.302e+10
4941.5	8.291e+10
4942	8.28e+10
4942.5	8.27e+10
4943	8.258e+10
4943.5	8.248e+10
4944	8.237e+10
4944.5	8.227e+10
4945	8.217e+10
4945.5	8.206e+10
4946	8.196e+10
4946.5	8.186e+10
4947	8.176e+10
4947.5	8.166e+10
4948	8.156e+10
4948.5	8.147e+10
4949	8.136e+10
4949.5	8.127e+10
4950	8.117e+10
4950.5	8.108e+10
4951	8.099e+10
4951.5	8.09e+10
4952	8.08e+10
4952.5	8.071e+10
4953	8.063e+10
4953.5	8.054e+10
4954	8.045e+10
4954.5	8.037e+10
4955	8.028e+10
4955.5	8.019e+10
4956	8.011e+10
4956.5	8.002e+10
4957	7.995e+10
4957.5	7.986e+10
4958	7.978e+10
4958.5	7.97e+10
4959	7.962e+10
4959.5	7.954e+10
4960	7.947e+10
4960.5	7.939e+10
4961	7.931e+10
4961.5	7.923e+10
4962	7.916e+10
4962.5	7.908e+10
4963	7.902e+10
4963.5	7.894e+10
4964	7.887e+10
4964.5	7.88e+10
4965	7.873e+10
4965.5	7.866e+10
4966	7.859e+10
4966.5	7.852e+10
4967	7.845e+10
4967.5	7.839e+10
4968	7.832e+10
4968.5	7.826e+10
4969	7.819e+10
4969.5	7.813e+10
4970	7.806e+10
4970.5	7.8e+10
4971	7.794e+10
4971.5	7.788e+10
4972	7.782e+10
4972.5	7.776e+10
4973	7.77e+10
4973.5	7.764e+10
4974	7.758e+10
4974.5	7.753e+10
4975	7.747e+10
4975.5	7.742e+10
4976	7.735e+10
4976.5	7.73e+10
4977	7.725e+10
4977.5	7.72e+10
4978	7.714e+10
4978.5	7.709e+10
4979	7.703e+10
4979.5	7.698e+10
4980	7.693e+10
4980.5	7.689e+10
4981	7.684e+10
4981.5	7.679e+10
4982	7.673e+10
4982.5	7.668e+10
4983	7.664e+10
4983.5	7.659e+10
4984	7.655e+10
4984.5	7.65e+10
4985	7.645e+10
4985.5	7.641e+10
4986	7.636e+10
4986.5	7.632e+10
4987	7.628e+10
4987.5	7.624e+10
4988	7.619e+10
4988.5	7.615e+10
4989	7.611e+10
4989.5	7.607e+10
4990	7.603e+10
4990.5	7.599e+10
4991	7.595e+10
4991.5	7.591e+10
4992	7.587e+10
4992.5	7.583e+10
4993	7.58e+10
4993.5	7.576e+10
4994	7.572e+10
4994.5	7.568e+10
4995	7.565e+10
4995.5	7.562e+10
4996	7.558e+10
4996.5	7.555e+10
4997	7.551e+10
4997.5	7.548e+10
4998	7.545e+10
4998.5	7.542e+10
4999	7.538e+10
4999.5	7.535e+10
5000	7.531e+10
5000.5	7.528e+10
5001	7.526e+10
5001.5	7.523e+10
5002	7.52e+10
5002.5	7.517e+10
5003	7.514e+10
5003.5	7.511e+10
5004	7.508e+10
5004.5	7.506e+10
5005	7.503e+10
5005.5	7.5e+10
5006	7.497e+10
5006.5	7.495e+10
5007	7.493e+10
5007.5	7.49e+10
5008	7.488e+10
5008.5	7.485e+10
5009	7.482e+10
5009.5	7.48e+10
5010	7.478e+10
5010.5	7.476e+10
5011	7.474e+10
5011.5	7.471e+10
5012	7.469e+10
5012.5	7.467e+10
5013	7.465e+10
5013.5	7.463e+10
5014	7.461e+10
5014.5	7.459e+10
5015	7.456e+10
5015.5	7.455e+10
5016	7.453e+10
5016.5	7.451e+10
5017	7.449e+10
5017.5	7.447e+10
5018	7.445e+10
5018.5	7.444e+10
5019	7.442e+10
5019.5	7.441e+10
5020	7.439e+10
5020.5	7.437e+10
5021	7.435e+10
5021.5	7.434e+10
5022	7.433e+10
5022.5	7.431e+10
5023	7.429e+10
5023.5	7.427e+10
5024	7.426e+10
5024.5	7.425e+10
5025	7.424e+10
5025.5	7.422e+10
5026	7.421e+10
5026.5	7.419e+10
5027	7.417e+10
5027.5	7.416e+10
5028	7.415e+10
5028.5	7.414e+10
5029	7.412e+10
5029.5	7.41e+10
5030	7.409e+10
5030.5	7.408e+10
5031	7.407e+10
5031.5	7.405e+10
5032	7.404e+10
5032.5	7.402e+10
5033	7.401e+10
5033.5	7.4e+10
5034	7.399e+10
5034.5	7.398e+10
5035	7.397e+10
5035.5	7.395e+10
5036	7.394e+10
5036.5	7.393e+10
5037	7.392e+10
5037.5	7.391e+10
5038	7.389e+10
5038.5	7.388e+10
5039	7.387e+10
5039.5	7.386e+10
5040	7.385e+10
5040.5	7.384e+10
5041	7.382e+10
5041.5	7.381e+10
5042	7.38e+10
5042.5	7.379e+10
5043	7.378e+10
5043.5	7.377e+10
5044	7.376e+10
5044.5	7.374e+10
5045	7.374e+10
5045.5	7.373e+10
5046	7.372e+10
5046.5	7.371e+10
5047	7.37e+10
5047.5	7.368e+10
5048	7.368e+10
5048.5	7.367e+10
5049	7.366e+10
5049.5	7.365e+10
5050	7.364e+10
5050.5	7.362e+10
5051	7.362e+10
5051.5	7.361e+10
5052	7.36e+10
5052.5	7.359e+10
5053	7.358e+10
5053.5	7.357e+10
5054	7.357e+10
5054.5	7.356e+10
5055	7.355e+10
5055.5	7.354e+10
5056	7.353e+10
5056.5	7.352e+10
5057	7.352e+10
5057.5	7.351e+10
5058	7.35e+10
5058.5	7.349e+10
5059	7.349e+10
5059.5	7.348e+10
5060	7.347e+10
5060.5	7.347e+10
5061	7.346e+10
5061.5	7.345e+10
5062	7.345e+10
5062.5	7.344e+10
5063	7.344e+10
5063.5	7.343e+10
5064	7.342e+10
5064.5	7.342e+10
5065	7.341e+10
5065.5	7.341e+10
5066	7.341e+10
5066.5	7.34e+10
5067	7.34e+10
5067.5	7.339e+10
5068	7.339e+10
5068.5	7.339e+10
5069	7.338e+10
5069.5	7.338e+10
5070	7.338e+10
5070.5	7.338e+10
5071	7.338e+10
5071.5	7.337e+10
5072	7.337e+10
5072.5	7.337e+10
5073	7.337e+10
5073.5	7.337e+10
5074	7.337e+10
5074.5	7.337e+10
5075	7.338e+10
5075.5	7.338e+10
5076	7.338e+10
5076.5	7.338e+10
5077	7.338e+10
5077.5	7.339e+10
5078	7.339e+10
5078.5	7.339e+10
5079	7.34e+10
5079.5	7.34e+10
5080	7.341e+10
5080.5	7.341e+10
5081	7.342e+10
5081.5	7.342e+10
5082	7.343e+10
5082.5	7.344e+10
5083	7.344e+10
5083.5	7.345e+10
5084	7.346e+10
5084.5	7.346e+10
5085	7.347e+10
5085.5	7.348e+10
5086	7.349e+10
5086.5	7.35e+10
5087	7.351e+10
5087.5	7.352e+10
5088	7.353e+10
5088.5	7.354e+10
5089	7.355e+10
5089.5	7.356e+10
5090	7.357e+10
5090.5	7.358e+10
5091	7.36e+10
5091.5	7.361e+10
5092	7.362e+10
5092.5	7.363e+10
5093	7.365e+10
5093.5	7.366e+10
5094	7.367e+10
5094.5	7.369e+10
5095	7.37e+10
5095.5	7.371e+10
5096	7.373e+10
5096.5	7.374e+10
5097	7.376e+10
5097.5	7.377e+10
5098	7.379e+10
5098.5	7.38e+10
5099	7.382e+10
5099.5	7.383e+10
5100	7.385e+10
5100.5	7.386e+10
5101	7.388e+10
5101.5	7.39e+10
5102	7.391e+10
5102.5	7.393e+10
5103	7.395e+10
5103.5	7.396e+10
5104	7.399e+10
5104.5	7.4e+10
5105	7.402e+10
5105.5	7.403e+10
5106	7.405e+10
5106.5	7.407e+10
5107	7.409e+10
5107.5	7.41e+10
5108	7.412e+10
5108.5	7.414e+10
5109	7.416e+10
5109.5	7.418e+10
5110	7.42e+10
5110.5	7.421e+10
5111	7.423e+10
5111.5	7.425e+10
5112	7.427e+10
5112.5	7.429e+10
5113	7.431e+10
5113.5	7.433e+10
5114	7.435e+10
5114.5	7.437e+10
5115	7.439e+10
5115.5	7.441e+10
5116	7.443e+10
5116.5	7.445e+10
5117	7.447e+10
5117.5	7.449e+10
5118	7.451e+10
5118.5	7.453e+10
5119	7.456e+10
5119.5	7.457e+10
5120	7.459e+10
5120.5	7.461e+10
5121	7.463e+10
5121.5	7.466e+10
5122	7.468e+10
5122.5	7.47e+10
5123	7.472e+10
5123.5	7.474e+10
5124	7.476e+10
5124.5	7.479e+10
5125	7.481e+10
5125.5	7.483e+10
5126	7.485e+10
5126.5	7.487e+10
5127	7.489e+10
5127.5	7.492e+10
5128	7.494e+10
5128.5	7.496e+10
5129	7.498e+10
5129.5	7.501e+10
5130	7.503e+10
5130.5	7.506e+10
5131	7.507e+10
5131.5	7.51e+10
5132	7.512e+10
5132.5	7.514e+10
5133	7.517e+10
5133.5	7.519e+10
5134	7.521e+10
5134.5	7.523e+10
5135	7.525e+10
5135.5	7.527e+10
5136	7.53e+10
5136.5	7.532e+10
5137	7.534e+10
5137.5	7.536e+10
5138	7.538e+10
5138.5	7.541e+10
5139	7.543e+10
5139.5	7.545e+10
5140	7.547e+10
5140.5	7.549e+10
5141	7.552e+10
5141.5	7.554e+10
5142	7.556e+10
5142.5	7.558e+10
5143	7.56e+10
5143.5	7.562e+10
5144	7.564e+10
5144.5	7.566e+10
5145	7.569e+10
5145.5	7.571e+10
5146	7.573e+10
5146.5	7.575e+10
5147	7.577e+10
5147.5	7.579e+10
5148	7.581e+10
5148.5	7.583e+10
5149	7.584e+10
5149.5	7.586e+10
5150	7.588e+10
5150.5	7.59e+10
5151	7.593e+10
5151.5	7.594e+10
5152	7.596e+10
5152.5	7.598e+10
5153	7.599e+10
5153.5	7.601e+10
5154	7.603e+10
5154.5	7.605e+10
5155	7.606e+10
5155.5	7.608e+10
5156	7.61e+10
5156.5	7.612e+10
5157	7.614e+10
5157.5	7.615e+10
5158	7.617e+10
5158.5	7.618e+10
5159	7.62e+10
5159.5	7.622e+10
5160	7.624e+10
5160.5	7.625e+10
5161	7.626e+10
5161.5	7.628e+10
5162	7.629e+10
5162.5	7.631e+10
5163	7.633e+10
5163.5	7.635e+10
5164	7.636e+10
5164.5	7.637e+10
5165	7.639e+10
5165.5	7.641e+10
5166	7.643e+10
5166.5	7.644e+10
5167	7.645e+10
5167.5	7.647e+10
5168	7.649e+10
5168.5	7.651e+10
5169	7.653e+10
5169.5	7.654e+10
5170	7.656e+10
5170.5	7.657e+10
5171	7.659e+10
5171.5	7.662e+10
5172	7.663e+10
5172.5	7.665e+10
5173	7.667e+10
5173.5	7.669e+10
5174	7.671e+10
5174.5	7.673e+10
5175	7.676e+10
5175.5	7.678e+10
5176	7.679e+10
5176.5	7.682e+10
5177	7.684e+10
5177.5	7.687e+10
5178	7.689e+10
5178.5	7.692e+10
5179	7.694e+10
5179.5	7.696e+10
5180	7.699e+10
5180.5	7.702e+10
5181	7.705e+10
5181.5	7.707e+10
5182	7.71e+10
5182.5	7.712e+10
5183	7.716e+10
5183.5	7.719e+10
5184	7.722e+10
5184.5	7.725e+10
5185	7.728e+10
5185.5	7.731e+10
5186	7.734e+10
5186.5	7.738e+10
5187	7.741e+10
5187.5	7.744e+10
5188	7.747e+10
5188.5	7.751e+10
5189	7.755e+10
5189.5	7.758e+10
5190	7.762e+10
5190.5	7.765e+10
5191	7.768e+10
5191.5	7.772e+10
5192	7.776e+10
5192.5	7.78e+10
5193	7.783e+10
5193.5	7.787e+10
5194	7.79e+10
5194.5	7.794e+10
5195	7.799e+10
5195.5	7.802e+10
5196	7.806e+10
5196.5	7.81e+10
5197	7.813e+10
5197.5	7.817e+10
5198	7.822e+10
5198.5	7.826e+10
5199	7.829e+10
5199.5	7.833e+10
5200	7.837e+10
5200.5	7.841e+10
5201	7.845e+10
5201.5	7.849e+10
5202	7.853e+10
5202.5	7.857e+10
5203	7.86e+10
5203.5	7.864e+10
5204	7.868e+10
5204.5	7.872e+10
5205	7.876e+10
5205.5	7.88e+10
5206	7.883e+10
5206.5	7.888e+10
5207	7.891e+10
5207.5	7.895e+10
5208	7.899e+10
5208.5	7.903e+10
5209	7.906e+10
5209.5	7.91e+10
5210	7.914e+10
5210.5	7.918e+10
5211	7.922e+10
5211.5	7.926e+10
5212	7.929e+10
5212.5	7.933e+10
5213	7.937e+10
5213.5	7.941e+10
5214	7.944e+10
5214.5	7.948e+10
5215	7.951e+10
5215.5	7.956e+10
5216	7.959e+10
5216.5	7.963e+10
5217	7.967e+10
5217.5	7.971e+10
5218	7.974e+10
5218.5	7.978e+10
5219	7.982e+10
5219.5	7.986e+10
5220	7.99e+10
5220.5	7.993e+10
5221	7.997e+10
5221.5	8.001e+10
5222	8.005e+10
5222.5	8.009e+10
5223	8.013e+10
5223.5	8.017e+10
5224	8.02e+10
5224.5	8.024e+10
5225	8.028e+10
5225.5	8.032e+10
5226	8.036e+10
5226.5	8.04e+10
5227	8.045e+10
5227.5	8.049e+10
5228	8.053e+10
5228.5	8.057e+10
5229	8.061e+10
5229.5	8.065e+10
5230	8.069e+10
5230.5	8.074e+10
5231	8.078e+10
5231.5	8.082e+10
5232	8.086e+10
5232.5	8.091e+10
5233	8.095e+10
5233.5	8.099e+10
5234	8.104e+10
5234.5	8.108e+10
5235	8.113e+10
5235.5	8.117e+10
5236	8.122e+10
5236.5	8.126e+10
5237	8.131e+10
5237.5	8.135e+10
5238	8.14e+10
5238.5	8.143e+10
5239	8.149e+10
5239.5	8.153e+10
5240	8.158e+10
5240.5	8.162e+10
5241	8.167e+10
5241.5	8.171e+10
5242	8.176e+10
5242.5	8.181e+10
5243	8.185e+10
5243.5	8.19e+10
5244	8.194e+10
5244.5	8.198e+10
5245	8.204e+10
5245.5	8.208e+10
5246	8.213e+10
5246.5	8.217e+10
5247	8.222e+10
5247.5	8.226e+10
5248	8.231e+10
5248.5	8.235e+10
5249	8.24e+10
5249.5	8.244e+10
5250	8.249e+10
5250.5	8.253e+10
5251	8.258e+10
5251.5	8.262e+10
5252	8.266e+10
5252.5	8.271e+10
5253	8.275e+10
5253.5	8.279e+10
5254	8.284e+10
5254.5	8.288e+10
5255	8.292e+10
5255.5	8.296e+10
5256	8.301e+10
5256.5	8.305e+10
5257	8.309e+10
5257.5	8.313e+10
5258	8.317e+10
5258.5	8.321e+10
5259	8.325e+10
5259.5	8.329e+10
5260	8.333e+10
5260.5	8.337e+10
5261	8.341e+10
5261.5	8.345e+10
5262	8.349e+10
5262.5	8.353e+10
5263	8.357e+10
5263.5	8.36e+10
5264	8.364e+10
5264.5	8.368e+10
5265	8.372e+10
5265.5	8.375e+10
5266	8.379e+10
5266.5	8.383e+10
5267	8.386e+10
5267.5	8.39e+10
5268	8.393e+10
5268.5	8.397e+10
5269	8.4e+10
5269.5	8.404e+10
5270	8.407e+10
5270.5	8.411e+10
5271	8.414e+10
5271.5	8.418e+10
5272	8.421e+10
5272.5	8.425e+10
5273	8.428e+10
5273.5	8.431e+10
5274	8.435e+10
5274.5	8.438e+10
5275	8.441e+10
5275.5	8.445e+10
5276	8.448e+10
5276.5	8.451e+10
5277	8.455e+10
5277.5	8.458e+10
5278	8.461e+10
5278.5	8.465e+10
5279	8.468e+10
5279.5	8.471e+10
5280	8.475e+10
5280.5	8.478e+10
5281	8.482e+10
5281.5	8.485e+10
5282	8.488e+10
5282.5	8.492e+10
5283	8.496e+10
5283.5	8.499e+10
5284	8.502e+10
5284.5	8.506e+10
5285	8.509e+10
5285.5	8.513e+10
5286	8.517e+10
5286.5	8.52e+10
5287	8.524e+10
5287.5	8.528e+10
5288	8.531e+10
5288.5	8.535e+10
5289	8.539e+10
5289.5	8.543e+10
5290	8.547e+10
5290.5	8.551e+10
5291	8.555e+10
5291.5	8.559e+10
5292	8.563e+10
5292.5	8.567e+10
5293	8.571e+10
5293.5	8.575e+10
5294	8.58e+10
5294.5	8.584e+10
5295	8.589e+10
5295.5	8.593e+10
5296	8.597e+10
5296.5	8.602e+10
5297	8.607e+10
5297.5	8.612e+10
5298	8.616e+10
5298.5	8.62e+10
5299	8.625e+10
5299.5	8.63e+10
5300	8.635e+10
5300.5	8.64e+10
5301	8.645e+10
5301.5	8.65e+10
5302	8.655e+10
5302.5	8.66e+10
5303	8.665e+10
5303.5	8.67e+10
5304	8.675e+10
5304.5	8.68e+10
5305	8.685e+10
5305.5	8.69e+10
5306	8.696e+10
5306.5	8.701e+10
5307	8.707e+10
5307.5	8.711e+10
5308	8.717e+10
5308.5	8.722e+10
5309	8.728e+10
5309.5	8.734e+10
5310	8.739e+10
5310.5	8.744e+10
5311	8.75e+10
5311.5	8.755e+10
5312	8.761e+10
5312.5	8.767e+10
5313	8.773e+10
5313.5	8.778e+10
5314	8.783e+10
5314.5	8.789e+10
5315	8.795e+10
5315.5	8.801e+10
5316	8.807e+10
5316.5	8.812e+10
5317	8.818e+10
5317.5	8.824e+10
5318	8.83e+10
5318.5	8.837e+10
5319	8.843e+10
5319.5	8.849e+10
5320	8.855e+10
5320.5	8.861e+10
5321	8.868e+10
5321.5	8.874e+10
5322	8.88e+10
5322.5	8.886e+10
5323	8.893e+10
5323.5	8.899e+10
5324	8.906e+10
5324.5	8.913e+10
5325	8.92e+10
5325.5	8.926e+10
5326	8.932e+10
5326.5	8.939e+10
5327	8.947e+10
5327.5	8.953e+10
5328	8.96e+10
5328.5	8.967e+10
5329	8.974e+10
5329.5	8.981e+10
5330	8.989e+10
5330.5	8.996e+10
5331	9.003e+10
5331.5	9.01e+10
5332	9.017e+10
5332.5	9.024e+10
5333	9.032e+10
5333.5	9.04e+10
5334	9.047e+10
5334.5	9.054e+10
5335	9.062e+10
5335.5	9.069e+10
5336	9.078e+10
5336.5	9.085e+10
5337	9.093e+10
5337.5	9.1e+10
5338	9.108e+10
5338.5	9.116e+10
5339	9.124e+10
5339.5	9.132e+10
5340	9.14e+10
5340.5	9.147e+10
5341	9.155e+10
5341.5	9.163e+10
5342	9.172e+10
5342.5	9.18e+10
5343	9.188e+10
5343.5	9.195e+10
5344	9.203e+10
5344.5	9.212e+10
5345	9.22e+10
5345.5	9.228e+10
5346	9.236e+10
5346.5	9.243e+10
5347	9.251e+10
5347.5	9.26e+10
5348	9.268e+10
5348.5	9.276e+10
5349	9.284e+10
5349.5	9.291e+10
5350	9.299e+10
5350.5	9.307e+10
5351	9.315e+10
5351.5	9.323e+10
5352	9.33e+10
5352.5	9.338e+10
5353	9.346e+10
5353.5	9.354e+10
5354	9.362e+10
5354.5	9.369e+10
5355	9.376e+10
5355.5	9.384e+10
5356	9.391e+10
5356.5	9.399e+10
5357	9.407e+10
5357.5	9.414e+10
5358	9.421e+10
5358.5	9.428e+10
5359	9.435e+10
5359.5	9.443e+10
5360	9.45e+10
5360.5	9.457e+10
5361	9.463e+10
5361.5	9.47e+10
5362	9.476e+10
5362.5	9.484e+10
5363	9.49e+10
5363.5	9.497e+10
5364	9.503e+10
5364.5	9.509e+10
5365	9.515e+10
5365.5	9.522e+10
5366	9.528e+10
5366.5	9.534e+10
5367	9.54e+10
5367.5	9.545e+10
5368	9.551e+10
5368.5	9.558e+10
5369	9.563e+10
5369.5	9.569e+10
5370	9.573e+10
5370.5	9.579e+10
5371	9.585e+10
5371.5	9.59e+10
5372	9.595e+10
5372.5	9.6e+10
5373	9.605e+10
5373.5	9.609e+10
5374	9.615e+10
5374.5	9.62e+10
5375	9.624e+10
5375.5	9.629e+10
5376	9.633e+10
5376.5	9.637e+10
5377	9.642e+10
5377.5	9.647e+10
5378	9.651e+10
5378.5	9.655e+10
5379	9.659e+10
5379.5	9.663e+10
5380	9.667e+10
5380.5	9.671e+10
5381	9.675e+10
5381.5	9.679e+10
5382	9.683e+10
5382.5	9.686e+10
5383	9.691e+10
5383.5	9.695e+10
5384	9.698e+10
5384.5	9.702e+10
5385	9.705e+10
5385.5	9.709e+10
5386	9.713e+10
5386.5	9.717e+10
5387	9.721e+10
5387.5	9.724e+10
5388	9.727e+10
5388.5	9.731e+10
5389	9.736e+10
5389.5	9.739e+10
5390	9.743e+10
5390.5	9.747e+10
5391	9.75e+10
5391.5	9.754e+10
5392	9.759e+10
5392.5	9.763e+10
5393	9.767e+10
5393.5	9.771e+10
5394	9.774e+10
5394.5	9.779e+10
5395	9.784e+10
5395.5	9.788e+10
5396	9.792e+10
5396.5	9.797e+10
5397	9.801e+10
5397.5	9.806e+10
5398	9.811e+10
5398.5	9.816e+10
5399	9.821e+10
5399.5	9.825e+10
5400	9.83e+10
5400.5	9.836e+10
5401	9.841e+10
5401.5	9.846e+10
5402	9.852e+10
5402.5	9.857e+10
5403	9.862e+10
5403.5	9.869e+10
5404	9.874e+10
5404.5	9.88e+10
5405	9.886e+10
5405.5	9.892e+10
5406	9.898e+10
5406.5	9.905e+10
5407	9.911e+10
5407.5	9.918e+10
5408	9.924e+10
5408.5	9.931e+10
5409	9.937e+10
5409.5	9.945e+10
5410	9.952e+10
5410.5	9.959e+10
5411	9.966e+10
5411.5	9.973e+10
5412	9.98e+10
5412.5	9.988e+10
5413	9.996e+10
5413.5	1e+11
5414	1.001e+11
5414.5	1.002e+11
5415	1.003e+11
5415.5	1.003e+11
5416	1.004e+11
5416.5	1.005e+11
5417	1.006e+11
5417.5	1.007e+11
5418	1.008e+11
5418.5	1.009e+11
5419	1.009e+11
5419.5	1.01e+11
5420	1.011e+11
5420.5	1.012e+11
5421	1.013e+11
5421.5	1.014e+11
5422	1.015e+11
5422.5	1.016e+11
5423	1.017e+11
5423.5	1.018e+11
5424	1.019e+11
5424.5	1.02e+11
5425	1.021e+11
5425.5	1.022e+11
5426	1.023e+11
5426.5	1.024e+11
5427	1.025e+11
5427.5	1.026e+11
5428	1.027e+11
5428.5	1.028e+11
5429	1.029e+11
5429.5	1.03e+11
5430	1.031e+11
5430.5	1.032e+11
5431	1.033e+11
5431.5	1.034e+11
5432	1.036e+11
5432.5	1.037e+11
5433	1.038e+11
5433.5	1.039e+11
5434	1.04e+11
5434.5	1.041e+11
5435	1.042e+11
5435.5	1.044e+11
5436	1.045e+11
5436.5	1.046e+11
5437	1.047e+11
5437.5	1.048e+11
5438	1.05e+11
5438.5	1.051e+11
5439	1.052e+11
5439.5	1.053e+11
5440	1.055e+11
5440.5	1.056e+11
5441	1.057e+11
5441.5	1.058e+11
5442	1.06e+11
5442.5	1.061e+11
5443	1.062e+11
5443.5	1.063e+11
5444	1.065e+11
5444.5	1.066e+11
5445	1.067e+11
5445.5	1.069e+11
5446	1.07e+11
5446.5	1.071e+11
5447	1.073e+11
5447.5	1.074e+11
5448	1.075e+11
5448.5	1.077e+11
5449	1.078e+11
5449.5	1.079e+11
5450	1.081e+11
5450.5	1.082e+11
5451	1.083e+11
5451.5	1.085e+11
5452	1.086e+11
5452.5	1.087e+11
5453	1.089e+11
5453.5	1.09e+11
5454	1.091e+11
5454.5	1.093e+11
5455	1.094e+11
5455.5	1.095e+11
5456	1.097e+11
5456.5	1.098e+11
5457	1.099e+11
5457.5	1.101e+11
5458	1.102e+11
5458.5	1.103e+11
5459	1.105e+11
5459.5	1.106e+11
5460	1.107e+11
5460.5	1.109e+11
5461	1.11e+11
5461.5	1.111e+11
5462	1.113e+11
5462.5	1.114e+11
5463	1.115e+11
5463.5	1.117e+11
5464	1.118e+11
5464.5	1.119e+11
5465	1.12e+11
5465.5	1.122e+11
5466	1.123e+11
5466.5	1.124e+11
5467	1.126e+11
5467.5	1.127e+11
5468	1.128e+11
5468.5	1.129e+11
5469	1.131e+11
5469.5	1.132e+11
5470	1.133e+11
5470.5	1.135e+11
5471	1.136e+11
5471.5	1.137e+11
5472	1.138e+11
5472.5	1.14e+11
5473	1.141e+11
5473.5	1.142e+11
5474	1.143e+11
5474.5	1.145e+11
5475	1.146e+11
5475.5	1.147e+11
5476	1.148e+11
5476.5	1.15e+11
5477	1.151e+11
5477.5	1.152e+11
5478	1.154e+11
5478.5	1.155e+11
5479	1.156e+11
5479.5	1.157e+11
5480	1.159e+11
5480.5	1.16e+11
5481	1.161e+11
5481.5	1.163e+11
5482	1.164e+11
5482.5	1.165e+11
5483	1.167e+11
5483.5	1.168e+11
5484	1.169e+11
5484.5	1.171e+11
5485	1.172e+11
5485.5	1.173e+11
5486	1.175e+11
5486.5	1.176e+11
5487	1.178e+11
5487.5	1.179e+11
5488	1.181e+11
5488.5	1.182e+11
5489	1.184e+11
5489.5	1.185e+11
5490	1.187e+11
5490.5	1.188e+11
5491	1.19e+11
5491.5	1.191e+11
5492	1.193e+11
5492.5	1.195e+11
5493	1.196e+11
5493.5	1.198e+11
5494	1.2e+11
5494.5	1.201e+11
5495	1.203e+11
5495.5	1.205e+11
5496	1.207e+11
5496.5	1.209e+11
5497	1.211e+11
5497.5	1.213e+11
5498	1.215e+11
5498.5	1.217e+11
5499	1.219e+11
5499.5	1.221e+11
5500	1.223e+11
5500.5	1.225e+11
5501	1.227e+11
5501.5	1.229e+11
5502	1.231e+11
5502.5	1.234e+11
5503	1.236e+11
5503.5	1.239e+11
5504	1.241e+11
5504.5	1.243e+11
5505	1.246e+11
5505.5	1.248e+11
5506	1.251e+11
5506.5	1.254e+11
5507	1.256e+11
5507.5	1.259e+11
5508	1.262e+11
5508.5	1.264e+11
5509	1.267e+11
5509.5	1.27e+11
5510	1.273e+11
5510.5	1.276e+11
5511	1.279e+11
5511.5	1.282e+11
5512	1.285e+11
5512.5	1.288e+11
5513	1.292e+11
5513.5	1.295e+11
5514	1.298e+11
5514.5	1.301e+11
5515	1.305e+11
5515.5	1.308e+11
5516	1.312e+11
5516.5	1.315e+11
5517	1.319e+11
5517.5	1.322e+11
5518	1.326e+11
5518.5	1.33e+11
5519	1.333e+11
5519.5	1.337e+11
5520	1.341e+11
5520.5	1.345e+11
5521	1.349e+11
5521.5	1.353e+11
5522	1.357e+11
5522.5	1.36e+11
5523	1.364e+11
5523.5	1.369e+11
5524	1.373e+11
5524.5	1.377e+11
5525	1.381e+11
5525.5	1.385e+11
5526	1.389e+11
5526.5	1.394e+11
5527	1.398e+11
5527.5	1.403e+11
5528	1.407e+11
5528.5	1.411e+11
5529	1.416e+11
5529.5	1.42e+11
5530	1.425e+11
5530.5	1.429e+11
5531	1.434e+11
5531.5	1.438e+11
5532	1.443e+11
5532.5	1.448e+11
5533	1.452e+11
5533.5	1.457e+11
5534	1.462e+11
5534.5	1.467e+11
5535	1.471e+11
5535.5	1.476e+11
5536	1.481e+11
5536.5	1.486e+11
5537	1.491e+11
5537.5	1.496e+11
5538	1.5e+11
5538.5	1.505e+11
5539	1.51e+11
5539.5	1.515e+11
5540	1.52e+11
5540.5	1.525e+11
5541	1.53e+11
5541.5	1.536e+11
5542	1.541e+11
5542.5	1.546e+11
5543	1.551e+11
5543.5	1.556e+11
5544	1.561e+11
5544.5	1.567e+11
5545	1.572e+11
5545.5	1.577e+11
5546	1.582e+11
5546.5	1.588e+11
5547	1.593e+11
5547.5	1.599e+11
5548	1.604e+11
5548.5	1.609e+11
5549	1.615e+11
5549.5	1.62e+11
5550	1.626e+11
5550.5	1.632e+11
5551	1.637e+11
5551.5	1.643e+11
5552	1.649e+11
5552.5	1.655e+11
5553	1.66e+11
5553.5	1.666e+11
5554	1.672e+11
5554.5	1.678e+11
5555	1.684e+11
5555.5	1.69e+11
5556	1.696e+11
5556.5	1.703e+11
5557	1.709e+11
5557.5	1.715e+11
5558	1.722e+11
5558.5	1.728e+11
5559	1.735e+11
5559.5	1.741e+11
5560	1.748e+11
5560.5	1.755e+11
5561	1.761e+11
5561.5	1.768e+11
5562	1.775e+11
5562.5	1.782e+11
5563	1.789e+11
5563.5	1.797e+11
5564	1.804e+11
5564.5	1.811e+11
5565	1.819e+11
5565.5	1.826e+11
5566	1.834e+11
5566.5	1.842e+11
5567	1.849e+11
5567.5	1.857e+11
5568	1.866e+11
5568.5	1.874e+11
5569	1.882e+11
5569.5	1.89e+11
5570	1.899e+11
5570.5	1.907e+11
5571	1.916e+11
5571.5	1.925e+11
5572	1.934e+11
5572.5	1.943e+11
5573	1.952e+11
5573.5	1.962e+11
5574	1.972e+11
5574.5	1.981e+11
5575	1.991e+11
5575.5	2.001e+11
5576	2.011e+11
5576.5	2.021e+11
5577	2.032e+11
5577.5	2.042e+11
5578	2.053e+11
5578.5	2.064e+11
5579	2.074e+11
5579.5	2.085e+11
5580	2.097e+11
5580.5	2.108e+11
5581	2.12e+11
5581.5	2.132e+11
5582	2.143e+11
5582.5	2.156e+11
5583	2.168e+11
5583.5	2.18e+11
5584	2.193e+11
5584.5	2.205e+11
5585	2.218e+11
5585.5	2.231e+11
5586	2.244e+11
5586.5	2.258e+11
5587	2.271e+11
5587.5	2.285e+11
5588	2.298e+11
5588.5	2.313e+11
5589	2.327e+11
5589.5	2.341e+11
5590	2.355e+11
5590.5	2.37e+11
5591	2.385e+11
5591.5	2.4e+11
5592	2.415e+11
5592.5	2.43e+11
5593	2.445e+11
5593.5	2.461e+11
5594	2.476e+11
5594.5	2.493e+11
5595	2.509e+11
5595.5	2.525e+11
5596	2.541e+11
5596.5	2.557e+11
5597	2.574e+11
5597.5	2.591e+11
5598	2.607e+11
5598.5	2.624e+11
5599	2.641e+11
5599.5	2.659e+11
5600	2.676e+11
5600.5	2.694e+11
5601	2.711e+11
5601.5	2.729e+11
5602	2.747e+11
5602.5	2.765e+11
5603	2.783e+11
5603.5	2.801e+11
5604	2.819e+11
5604.5	2.838e+11
5605	2.856e+11
5605.5	2.875e+11
5606	2.894e+11
5606.5	2.912e+11
5607	2.931e+11
5607.5	2.95e+11
5608	2.97e+11
5608.5	2.989e+11
5609	3.008e+11
5609.5	3.028e+11
5610	3.047e+11
5610.5	3.067e+11
5611	3.087e+11
5611.5	3.106e+11
5612	3.126e+11
5612.5	3.146e+11
5613	3.167e+11
5613.5	3.187e+11
5614	3.207e+11
5614.5	3.228e+11
5615	3.248e+11
5615.5	3.269e+11
5616	3.29e+11
5616.5	3.311e+11
5617	3.332e+11
5617.5	3.353e+11
5618	3.374e+11
5618.5	3.395e+11
5619	3.417e+11
5619.5	3.438e+11
5620	3.46e+11
5620.5	3.482e+11
5621	3.504e+11
5621.5	3.526e+11
5622	3.549e+11
5622.5	3.571e+11
5623	3.594e+11
5623.5	3.616e+11
5624	3.639e+11
5624.5	3.662e+11
5625	3.686e+11
5625.5	3.709e+11
5626	3.733e+11
5626.5	3.756e+11
5627	3.781e+11
5627.5	3.805e+11
5628	3.829e+11
5628.5	3.854e+11
5629	3.878e+11
5629.5	3.904e+11
5630	3.929e+11
5630.5	3.954e+11
5631	3.98e+11
5631.5	4.006e+11
5632	4.032e+11
5632.5	4.059e+11
5633	4.085e+11
5633.5	4.112e+11
5634	4.139e+11
5634.5	4.167e+11
5635	4.194e+11
5635.5	4.223e+11
5636	4.251e+11
5636.5	4.279e+11
5637	4.308e+11
5637.5	4.337e+11
5638	4.367e+11
5638.5	4.397e+11
5639	4.427e+11
5639.5	4.458e+11
5640	4.488e+11
5640.5	4.519e+11
5641	4.551e+11
5641.5	4.583e+11
5642	4.615e+11
5642.5	4.648e+11
5643	4.681e+11
5643.5	4.714e+11
5644	4.747e+11
5644.5	4.782e+11
5645	4.816e+11
5645.5	4.851e+11
5646	4.886e+11
5646.5	4.922e+11
5647	4.958e+11
5647.5	4.995e+11
5648	5.032e+11
5648.5	5.069e+11
5649	5.107e+11
5649.5	5.145e+11
5650	5.183e+11
5650.5	5.223e+11
5651	5.263e+11
5651.5	5.303e+11
5652	5.343e+11
5652.5	5.384e+11
5653	5.425e+11
5653.5	5.467e+11
5654	5.51e+11
5654.5	5.552e+11
5655	5.595e+11
5655.5	5.639e+11
5656	5.684e+11
5656.5	5.728e+11
5657	5.773e+11
5657.5	5.819e+11
5658	5.865e+11
5658.5	5.911e+11
5659	5.959e+11
5659.5	6.006e+11
5660	6.054e+11
5660.5	6.102e+11
5661	6.151e+11
5661.5	6.2e+11
5662	6.25e+11
5662.5	6.3e+11
5663	6.351e+11
5663.5	6.401e+11
5664	6.453e+11
5664.5	6.504e+11
5665	6.557e+11
5665.5	6.61e+11
5666	6.662e+11
5666.5	6.716e+11
5667	6.769e+11
5667.5	6.823e+11
5668	6.878e+11
5668.5	6.933e+11
5669	6.988e+11
5669.5	7.043e+11
5670	7.099e+11
5670.5	7.155e+11
5671	7.212e+11
5671.5	7.268e+11
5672	7.325e+11
5672.5	7.382e+11
5673	7.439e+11
5673.5	7.497e+11
5674	7.556e+11
5674.5	7.614e+11
5675	7.672e+11
5675.5	7.731e+11
5676	7.79e+11
5676.5	7.849e+11
5677	7.909e+11
5677.5	7.968e+11
5678	8.028e+11
5678.5	8.088e+11
5679	8.148e+11
5679.5	8.209e+11
5680	8.269e+11
5680.5	8.33e+11
5681	8.391e+11
5681.5	8.452e+11
5682	8.513e+11
5682.5	8.575e+11
5683	8.637e+11
5683.5	8.699e+11
5684	8.761e+11
5684.5	8.823e+11
5685	8.885e+11
5685.5	8.949e+11
5686	9.012e+11
5686.5	9.075e+11
5687	9.138e+11
5687.5	9.202e+11
5688	9.266e+11
5688.5	9.331e+11
5689	9.395e+11
5689.5	9.46e+11
5690	9.525e+11
5690.5	9.59e+11
5691	9.656e+11
5691.5	9.723e+11
5692	9.79e+11
5692.5	9.856e+11
5693	9.924e+11
5693.5	9.991e+11
5694	1.006e+12
5694.5	1.013e+12
5695	1.02e+12
5695.5	1.027e+12
5696	1.034e+12
5696.5	1.041e+12
5697	1.048e+12
5697.5	1.055e+12
5698	1.062e+12
5698.5	1.07e+12
5699	1.077e+12
5699.5	1.084e+12
5700	1.092e+12
5700.5	1.099e+12
5701	1.107e+12
5701.5	1.115e+12
5702	1.122e+12
5702.5	1.13e+12
5703	1.138e+12
5703.5	1.146e+12
5704	1.154e+12
5704.5	1.162e+12
5705	1.17e+12
5705.5	1.178e+12
5706	1.187e+12
5706.5	1.195e+12
5707	1.204e+12
5707.5	1.212e+12
5708	1.221e+12
5708.5	1.23e+12
5709	1.239e+12
5709.5	1.248e+12
5710	1.257e+12
5710.5	1.266e+12
5711	1.275e+12
5711.5	1.285e+12
5712	1.294e+12
5712.5	1.304e+12
5713	1.313e+12
5713.5	1.323e+12
5714	1.333e+12
5714.5	1.343e+12
5715	1.353e+12
5715.5	1.363e+12
5716	1.373e+12
5716.5	1.384e+12
5717	1.394e+12
5717.5	1.405e+12
5718	1.416e+12
5718.5	1.426e+12
5719	1.437e+12
5719.5	1.448e+12
5720	1.46e+12
5720.5	1.471e+12
5721	1.482e+12
5721.5	1.494e+12
5722	1.505e+12
5722.5	1.517e+12
5723	1.529e+12
5723.5	1.541e+12
5724	1.553e+12
5724.5	1.565e+12
5725	1.577e+12
5725.5	1.59e+12
5726	1.602e+12
5726.5	1.615e+12
5727	1.628e+12
5727.5	1.64e+12
5728	1.653e+12
5728.5	1.666e+12
5729	1.679e+12
5729.5	1.693e+12
5730	1.706e+12
5730.5	1.72e+12
5731	1.733e+12
5731.5	1.747e+12
5732	1.761e+12
5732.5	1.775e+12
5733	1.789e+12
5733.5	1.803e+12
5734	1.817e+12
5734.5	1.831e+12
5735	1.845e+12
5735.5	1.86e+12
5736	1.874e+12
5736.5	1.889e+12
5737	1.904e+12
5737.5	1.918e+12
5738	1.933e+12
5738.5	1.948e+12
5739	1.963e+12
5739.5	1.978e+12
5740	1.994e+12
5740.5	2.009e+12
5741	2.024e+12
5741.5	2.04e+12
5742	2.055e+12
5742.5	2.071e+12
5743	2.086e+12
5743.5	2.102e+12
5744	2.118e+12
5744.5	2.134e+12
5745	2.149e+12
5745.5	2.165e+12
5746	2.181e+12
5746.5	2.197e+12
5747	2.213e+12
5747.5	2.23e+12
5748	2.246e+12
5748.5	2.262e+12
5749	2.278e+12
5749.5	2.295e+12
5750	2.311e+12
5750.5	2.328e+12
5751	2.344e+12
5751.5	2.361e+12
5752	2.378e+12
5752.5	2.394e+12
5753	2.411e+12
5753.5	2.428e+12
5754	2.445e+12
5754.5	2.462e+12
5755	2.479e+12
5755.5	2.496e+12
5756	2.513e+12
5756.5	2.531e+12
5757	2.548e+12
5757.5	2.565e+12
5758	2.583e+12
5758.5	2.6e+12
5759	2.618e+12
5759.5	2.636e+12
5760	2.653e+12
5760.5	2.671e+12
5761	2.689e+12
5761.5	2.707e+12
5762	2.725e+12
5762.5	2.744e+12
5763	2.762e+12
5763.5	2.78e+12
5764	2.799e+12
5764.5	2.817e+12
5765	2.836e+12
5765.5	2.855e+12
5766	2.874e+12
5766.5	2.893e+12
5767	2.912e+12
5767.5	2.931e+12
5768	2.951e+12
5768.5	2.97e+12
5769	2.99e+12
5769.5	3.01e+12
5770	3.03e+12
5770.5	3.05e+12
5771	3.07e+12
5771.5	3.09e+12
5772	3.111e+12
5772.5	3.131e+12
5773	3.152e+12
5773.5	3.173e+12
5774	3.194e+12
5774.5	3.215e+12
5775	3.237e+12
5775.5	3.258e+12
5776	3.28e+12
5776.5	3.302e+12
5777	3.324e+12
5777.5	3.346e+12
5778	3.368e+12
5778.5	3.39e+12
5779	3.413e+12
5779.5	3.436e+12
5780	3.459e+12
5780.5	3.482e+12
5781	3.505e+12
5781.5	3.528e+12
5782	3.552e+12
5782.5	3.576e+12
5783	3.6e+12
5783.5	3.624e+12
5784	3.648e+12
5784.5	3.672e+12
5785	3.697e+12
5785.5	3.722e+12
5786	3.747e+12
5786.5	3.772e+12
5787	3.797e+12
5787.5	3.822e+12
5788	3.848e+12
5788.5	3.873e+12
5789	3.899e+12
5789.5	3.925e+12
5790	3.951e+12
5790.5	3.978e+12
5791	4.004e+12
5791.5	4.031e+12
5792	4.058e+12
5792.5	4.085e+12
5793	4.112e+12
5793.5	4.139e+12
5794	4.166e+12
5794.5	4.194e+12
5795	4.222e+12
5795.5	4.249e+12
5796	4.277e+12
5796.5	4.305e+12
5797	4.334e+12
5797.5	4.362e+12
5798	4.39e+12
5798.5	4.419e+12
5799	4.448e+12
5799.5	4.476e+12
5800	4.505e+12
5800.5	4.534e+12
5801	4.564e+12
5801.5	4.593e+12
5802	4.622e+12
5802.5	4.651e+12
5803	4.681e+12
5803.5	4.711e+12
5804	4.741e+12
5804.5	4.771e+12
5805	4.8e+12
5805.5	4.83e+12
5806	4.861e+12
5806.5	4.891e+12
5807	4.921e+12
5807.5	4.952e+12
5808	4.982e+12
5808.5	5.013e+12
5809	5.044e+12
5809.5	5.075e+12
5810	5.105e+12
5810.5	5.136e+12
5811	5.167e+12
5811.5	5.198e+12
5812	5.23e+12
5812.5	5.261e+12
5813	5.293e+12
5813.5	5.324e+12
5814	5.356e+12
5814.5	5.388e+12
5815	5.42e+12
5815.5	5.452e+12
5816	5.484e+12
5816.5	5.516e+12
5817	5.548e+12
5817.5	5.581e+12
5818	5.613e+12
5818.5	5.646e+12
5819	5.679e+12
5819.5	5.712e+12
5820	5.745e+12
5820.5	5.778e+12
5821	5.812e+12
5821.5	5.845e+12
5822	5.879e+12
5822.5	5.913e+12
5823	5.946e+12
5823.5	5.981e+12
5824	6.015e+12
5824.5	6.049e+12
5825	6.084e+12
5825.5	6.119e+12
5826	6.153e+12
5826.5	6.189e+12
5827	6.224e+12
5827.5	6.259e+12
5828	6.295e+12
5828.5	6.331e+12
5829	6.367e+12
5829.5	6.403e+12
5830	6.439e+12
5830.5	6.476e+12
5831	6.513e+12
5831.5	6.549e+12
5832	6.586e+12
5832.5	6.624e+12
5833	6.662e+12
5833.5	6.699e+12
5834	6.737e+12
5834.5	6.775e+12
5835	6.813e+12
5835.5	6.852e+12
5836	6.891e+12
5836.5	6.929e+12
5837	6.968e+12
5837.5	7.007e+12
5838	7.047e+12
5838.5	7.087e+12
5839	7.127e+12
5839.5	7.166e+12
5840	7.207e+12
5840.5	7.247e+12
5841	7.287e+12
5841.5	7.329e+12
5842	7.37e+12
5842.5	7.411e+12
5843	7.452e+12
5843.5	7.493e+12
5844	7.536e+12
5844.5	7.578e+12
5845	7.62e+12
5845.5	7.662e+12
5846	7.704e+12
5846.5	7.747e+12
5847	7.79e+12
5847.5	7.834e+12
5848	7.877e+12
5848.5	7.92e+12
5849	7.964e+12
5849.5	8.007e+12
5850	8.052e+12
5850.5	8.096e+12
5851	8.14e+12
5851.5	8.185e+12
5852	8.229e+12
5852.5	8.274e+12
5853	8.32e+12
5853.5	8.365e+12
5854	8.411e+12
5854.5	8.456e+12
5855	8.502e+12
5855.5	8.548e+12
5856	8.595e+12
5856.5	8.641e+12
5857	8.688e+12
5857.5	8.734e+12
5858	8.781e+12
5858.5	8.828e+12
5859	8.876e+12
5859.5	8.924e+12
5860	8.971e+12
5860.5	9.018e+12
5861	9.066e+12
5861.5	9.114e+12
5862	9.163e+12
5862.5	9.212e+12
5863	9.26e+12
5863.5	9.308e+12
5864	9.357e+12
5864.5	9.406e+12
5865	9.456e+12
5865.5	9.505e+12
5866	9.554e+12
5866.5	9.604e+12
5867	9.653e+12
5867.5	9.704e+12
5868	9.754e+12
5868.5	9.804e+12
5869	9.853e+12
5869.5	9.903e+12
5870	9.954e+12
5870.5	1.001e+13
5871	1.006e+13
5871.5	1.011e+13
5872	1.016e+13
5872.5	1.021e+13
5873	1.026e+13
5873.5	1.031e+13
5874	1.036e+13
5874.5	1.041e+13
5875	1.046e+13
5875.5	1.051e+13
5876	1.057e+13
5876.5	1.062e+13
5877	1.067e+13
5877.5	1.072e+13
5878	1.077e+13
5878.5	1.082e+13
5879	1.088e+13
5879.5	1.093e+13
5880	1.098e+13
5880.5	1.103e+13
5881	1.108e+13
5881.5	1.114e+13
5882	1.119e+13
5882.5	1.124e+13
5883	1.129e+13
5883.5	1.135e+13
5884	1.14e+13
5884.5	1.145e+13
5885	1.15e+13
5885.5	1.156e+13
5886	1.161e+13
5886.5	1.166e+13
5887	1.171e+13
5887.5	1.177e+13
5888	1.182e+13
5888.5	1.187e+13
5889	1.193e+13
5889.5	1.198e+13
5890	1.203e+13
5890.5	1.209e+13
5891	1.214e+13
5891.5	1.219e+13
5892	1.225e+13
5892.5	1.23e+13
5893	1.235e+13
5893.5	1.241e+13
5894	1.246e+13
5894.5	1.251e+13
5895	1.257e+13
5895.5	1.262e+13
5896	1.267e+13
5896.5	1.273e+13
5897	1.278e+13
5897.5	1.284e+13
5898	1.289e+13
5898.5	1.294e+13
5899	1.3e+13
5899.5	1.305e+13
5900	1.311e+13
5900.5	1.316e+13
5901	1.322e+13
5901.5	1.327e+13
5902	1.332e+13
5902.5	1.338e+13
5903	1.343e+13
5903.5	1.349e+13
5904	1.354e+13
5904.5	1.36e+13
5905	1.365e+13
5905.5	1.37e+13
5906	1.376e+13
5906.5	1.381e+13
5907	1.387e+13
5907.5	1.392e+13
5908	1.398e+13
5908.5	1.403e+13
5909	1.409e+13
5909.5	1.414e+13
5910	1.42e+13
5910.5	1.425e+13
5911	1.431e+13
5911.5	1.436e+13
5912	1.442e+13
5912.5	1.447e+13
5913	1.452e+13
5913.5	1.458e+13
5914	1.463e+13
5914.5	1.469e+13
5915	1.474e+13
5915.5	1.48e+13
5916	1.485e+13
5916.5	1.491e+13
5917	1.496e+13
5917.5	1.502e+13
5918	1.507e+13
5918.5	1.512e+13
5919	1.518e+13
5919.5	1.523e+13
5920	1.529e+13
5920.5	1.534e+13
5921	1.539e+13
5921.5	1.545e+13
5922	1.55e+13
5922.5	1.555e+13
5923	1.561e+13
5923.5	1.566e+13
5924	1.572e+13
5924.5	1.577e+13
5925	1.582e+13
5925.5	1.588e+13
5926	1.593e+13
5926.5	1.598e+13
5927	1.604e+13
5927.5	1.609e+13
5928	1.614e+13
5928.5	1.619e+13
5929	1.625e+13
5929.5	1.63e+13
5930	1.635e+13
5930.5	1.64e+13
5931	1.646e+13
5931.5	1.651e+13
5932	1.656e+13
5932.5	1.661e+13
5933	1.666e+13
5933.5	1.672e+13
5934	1.677e+13
5934.5	1.682e+13
5935	1.687e+13
5935.5	1.692e+13
5936	1.697e+13
5936.5	1.702e+13
5937	1.707e+13
5937.5	1.712e+13
5938	1.717e+13
5938.5	1.722e+13
5939	1.727e+13
5939.5	1.732e+13
5940	1.737e+13
5940.5	1.742e+13
5941	1.747e+13
5941.5	1.752e+13
5942	1.757e+13
5942.5	1.762e+13
5943	1.767e+13
5943.5	1.772e+13
5944	1.776e+13
5944.5	1.781e+13
5945	1.786e+13
5945.5	1.791e+13
5946	1.796e+13
5946.5	1.8e+13
5947	1.805e+13
5947.5	1.81e+13
5948	1.815e+13
5948.5	1.82e+13
5949	1.824e+13
5949.5	1.829e+13
5950	1.834e+13
5950.5	1.838e+13
5951	1.843e+13
5951.5	1.848e+13
5952	1.852e+13
5952.5	1.857e+13
5953	1.861e+13
5953.5	1.866e+13
5954	1.87e+13
5954.5	1.875e+13
5955	1.879e+13
5955.5	1.884e+13
5956	1.888e+13
5956.5	1.893e+13
5957	1.897e+13
5957.5	1.901e+13
5958	1.906e+13
5958.5	1.91e+13
5959	1.914e+13
5959.5	1.919e+13
5960	1.923e+13
5960.5	1.927e+13
5961	1.931e+13
5961.5	1.935e+13
5962	1.94e+13
5962.5	1.944e+13
5963	1.948e+13
5963.5	1.952e+13
5964	1.956e+13
5964.5	1.96e+13
5965	1.963e+13
5965.5	1.967e+13
5966	1.971e+13
5966.5	1.975e+13
5967	1.979e+13
5967.5	1.982e+13
5968	1.986e+13
5968.5	1.99e+13
5969	1.993e+13
5969.5	1.997e+13
5970	2e+13
5970.5	2.003e+13
5971	2.007e+13
5971.5	2.01e+13
5972	2.013e+13
5972.5	2.017e+13
5973	2.02e+13
5973.5	2.023e+13
5974	2.026e+13
5974.5	2.029e+13
5975	2.032e+13
5975.5	2.035e+13
5976	2.038e+13
5976.5	2.041e+13
5977	2.044e+13
5977.5	2.046e+13
5978	2.049e+13
5978.5	2.052e+13
5979	2.054e+13
5979.5	2.057e+13
5980	2.059e+13
5980.5	2.062e+13
5981	2.064e+13
5981.5	2.066e+13
5982	2.069e+13
5982.5	2.071e+13
5983	2.073e+13
5983.5	2.075e+13
5984	2.077e+13
5984.5	2.079e+13
5985	2.081e+13
5985.5	2.083e+13
5986	2.085e+13
5986.5	2.087e+13
5987	2.088e+13
5987.5	2.09e+13
5988	2.092e+13
5988.5	2.093e+13
5989	2.095e+13
5989.5	2.097e+13
5990	2.098e+13
5990.5	2.099e+13
5991	2.101e+13
5991.5	2.102e+13
5992	2.103e+13
5992.5	2.105e+13
5993	2.106e+13
5993.5	2.107e+13
5994	2.108e+13
5994.5	2.109e+13
5995	2.11e+13
5995.5	2.111e+13
5996	2.112e+13
5996.5	2.113e+13
5997	2.114e+13
5997.5	2.115e+13
5998	2.115e+13
5998.5	2.116e+13
5999	2.117e+13
5999.5	2.118e+13
6000	2.118e+13
