Energy	Plot 1
4000	2.607e+11
4000.5	2.615e+11
4001	2.623e+11
4001.5	2.631e+11
4002	2.639e+11
4002.5	2.647e+11
4003	2.655e+11
4003.5	2.662e+11
4004	2.67e+11
4004.5	2.678e+11
4005	2.685e+11
4005.5	2.693e+11
4006	2.7e+11
4006.5	2.708e+11
4007	2.715e+11
4007.5	2.722e+11
4008	2.729e+11
4008.5	2.736e+11
4009	2.743e+11
4009.5	2.75e+11
4010	2.757e+11
4010.5	2.764e+11
4011	2.77e+11
4011.5	2.777e+11
4012	2.783e+11
4012.5	2.79e+11
4013	2.796e+11
4013.5	2.802e+11
4014	2.808e+11
4014.5	2.814e+11
4015	2.82e+11
4015.5	2.826e+11
4016	2.832e+11
4016.5	2.837e+11
4017	2.843e+11
4017.5	2.848e+11
4018	2.854e+11
4018.5	2.859e+11
4019	2.864e+11
4019.5	2.87e+11
4020	2.875e+11
4020.5	2.88e+11
4021	2.885e+11
4021.5	2.89e+11
4022	2.895e+11
4022.5	2.9e+11
4023	2.905e+11
4023.5	2.909e+11
4024	2.914e+11
4024.5	2.919e+11
4025	2.924e+11
4025.5	2.929e+11
4026	2.933e+11
4026.5	2.938e+11
4027	2.943e+11
4027.5	2.948e+11
4028	2.953e+11
4028.5	2.958e+11
4029	2.962e+11
4029.5	2.967e+11
4030	2.972e+11
4030.5	2.977e+11
4031	2.983e+11
4031.5	2.988e+11
4032	2.993e+11
4032.5	2.999e+11
4033	3.004e+11
4033.5	3.01e+11
4034	3.015e+11
4034.5	3.021e+11
4035	3.027e+11
4035.5	3.033e+11
4036	3.039e+11
4036.5	3.045e+11
4037	3.051e+11
4037.5	3.058e+11
4038	3.065e+11
4038.5	3.071e+11
4039	3.078e+11
4039.5	3.085e+11
4040	3.093e+11
4040.5	3.1e+11
4041	3.107e+11
4041.5	3.115e+11
4042	3.123e+11
4042.5	3.131e+11
4043	3.139e+11
4043.5	3.148e+11
4044	3.156e+11
4044.5	3.165e+11
4045	3.174e+11
4045.5	3.183e+11
4046	3.192e+11
4046.5	3.202e+11
4047	3.211e+11
4047.5	3.221e+11
4048	3.231e+11
4048.5	3.241e+11
4049	3.251e+11
4049.5	3.261e+11
4050	3.272e+11
4050.5	3.282e+11
4051	3.293e+11
4051.5	3.304e+11
4052	3.316e+11
4052.5	3.327e+11
4053	3.338e+11
4053.5	3.35e+11
4054	3.361e+11
4054.5	3.373e+11
4055	3.385e+11
4055.5	3.398e+11
4056	3.409e+11
4056.5	3.422e+11
4057	3.434e+11
4057.5	3.447e+11
4058	3.459e+11
4058.5	3.472e+11
4059	3.485e+11
4059.5	3.497e+11
4060	3.51e+11
4060.5	3.523e+11
4061	3.536e+11
4061.5	3.549e+11
4062	3.562e+11
4062.5	3.575e+11
4063	3.588e+11
4063.5	3.602e+11
4064	3.615e+11
4064.5	3.628e+11
4065	3.641e+11
4065.5	3.654e+11
4066	3.667e+11
4066.5	3.68e+11
4067	3.693e+11
4067.5	3.706e+11
4068	3.719e+11
4068.5	3.732e+11
4069	3.745e+11
4069.5	3.758e+11
4070	3.771e+11
4070.5	3.784e+11
4071	3.797e+11
4071.5	3.81e+11
4072	3.822e+11
4072.5	3.835e+11
4073	3.848e+11
4073.5	3.861e+11
4074	3.873e+11
4074.5	3.886e+11
4075	3.898e+11
4075.5	3.911e+11
4076	3.923e+11
4076.5	3.936e+11
4077	3.948e+11
4077.5	3.96e+11
4078	3.972e+11
4078.5	3.985e+11
4079	3.997e+11
4079.5	4.01e+11
4080	4.022e+11
4080.5	4.034e+11
4081	4.046e+11
4081.5	4.059e+11
4082	4.072e+11
4082.5	4.084e+11
4083	4.096e+11
4083.5	4.109e+11
4084	4.121e+11
4084.5	4.134e+11
4085	4.147e+11
4085.5	4.16e+11
4086	4.172e+11
4086.5	4.185e+11
4087	4.199e+11
4087.5	4.212e+11
4088	4.225e+11
4088.5	4.239e+11
4089	4.252e+11
4089.5	4.265e+11
4090	4.28e+11
4090.5	4.293e+11
4091	4.308e+11
4091.5	4.322e+11
4092	4.336e+11
4092.5	4.35e+11
4093	4.365e+11
4093.5	4.38e+11
4094	4.395e+11
4094.5	4.41e+11
4095	4.425e+11
4095.5	4.441e+11
4096	4.457e+11
4096.5	4.473e+11
4097	4.489e+11
4097.5	4.505e+11
4098	4.521e+11
4098.5	4.538e+11
4099	4.555e+11
4099.5	4.572e+11
4100	4.59e+11
4100.5	4.607e+11
4101	4.625e+11
4101.5	4.642e+11
4102	4.661e+11
4102.5	4.679e+11
4103	4.698e+11
4103.5	4.716e+11
4104	4.735e+11
4104.5	4.754e+11
4105	4.773e+11
4105.5	4.793e+11
4106	4.812e+11
4106.5	4.832e+11
4107	4.852e+11
4107.5	4.872e+11
4108	4.892e+11
4108.5	4.913e+11
4109	4.934e+11
4109.5	4.954e+11
4110	4.975e+11
4110.5	4.997e+11
4111	5.018e+11
4111.5	5.04e+11
4112	5.062e+11
4112.5	5.084e+11
4113	5.105e+11
4113.5	5.128e+11
4114	5.151e+11
4114.5	5.174e+11
4115	5.196e+11
4115.5	5.219e+11
4116	5.242e+11
4116.5	5.267e+11
4117	5.29e+11
4117.5	5.314e+11
4118	5.338e+11
4118.5	5.362e+11
4119	5.387e+11
4119.5	5.412e+11
4120	5.437e+11
4120.5	5.462e+11
4121	5.488e+11
4121.5	5.513e+11
4122	5.539e+11
4122.5	5.566e+11
4123	5.593e+11
4123.5	5.62e+11
4124	5.647e+11
4124.5	5.674e+11
4125	5.702e+11
4125.5	5.731e+11
4126	5.759e+11
4126.5	5.788e+11
4127	5.818e+11
4127.5	5.847e+11
4128	5.877e+11
4128.5	5.908e+11
4129	5.939e+11
4129.5	5.971e+11
4130	6.003e+11
4130.5	6.034e+11
4131	6.067e+11
4131.5	6.101e+11
4132	6.135e+11
4132.5	6.169e+11
4133	6.204e+11
4133.5	6.239e+11
4134	6.275e+11
4134.5	6.312e+11
4135	6.349e+11
4135.5	6.386e+11
4136	6.425e+11
4136.5	6.463e+11
4137	6.503e+11
4137.5	6.543e+11
4138	6.584e+11
4138.5	6.625e+11
4139	6.667e+11
4139.5	6.709e+11
4140	6.753e+11
4140.5	6.798e+11
4141	6.842e+11
4141.5	6.888e+11
4142	6.934e+11
4142.5	6.98e+11
4143	7.029e+11
4143.5	7.077e+11
4144	7.126e+11
4144.5	7.176e+11
4145	7.227e+11
4145.5	7.278e+11
4146	7.331e+11
4146.5	7.384e+11
4147	7.437e+11
4147.5	7.492e+11
4148	7.547e+11
4148.5	7.602e+11
4149	7.66e+11
4149.5	7.718e+11
4150	7.776e+11
4150.5	7.835e+11
4151	7.895e+11
4151.5	7.955e+11
4152	8.017e+11
4152.5	8.08e+11
4153	8.143e+11
4153.5	8.207e+11
4154	8.271e+11
4154.5	8.336e+11
4155	8.403e+11
4155.5	8.471e+11
4156	8.538e+11
4156.5	8.607e+11
4157	8.676e+11
4157.5	8.747e+11
4158	8.818e+11
4158.5	8.89e+11
4159	8.962e+11
4159.5	9.036e+11
4160	9.11e+11
4160.5	9.186e+11
4161	9.261e+11
4161.5	9.338e+11
4162	9.416e+11
4162.5	9.494e+11
4163	9.573e+11
4163.5	9.654e+11
4164	9.734e+11
4164.5	9.816e+11
4165	9.899e+11
4165.5	9.982e+11
4166	1.007e+12
4166.5	1.015e+12
4167	1.024e+12
4167.5	1.033e+12
4168	1.041e+12
4168.5	1.05e+12
4169	1.059e+12
4169.5	1.069e+12
4170	1.078e+12
4170.5	1.087e+12
4171	1.097e+12
4171.5	1.106e+12
4172	1.116e+12
4172.5	1.125e+12
4173	1.135e+12
4173.5	1.145e+12
4174	1.155e+12
4174.5	1.165e+12
4175	1.176e+12
4175.5	1.186e+12
4176	1.197e+12
4176.5	1.207e+12
4177	1.218e+12
4177.5	1.229e+12
4178	1.24e+12
4178.5	1.251e+12
4179	1.263e+12
4179.5	1.274e+12
4180	1.286e+12
4180.5	1.297e+12
4181	1.309e+12
4181.5	1.321e+12
4182	1.333e+12
4182.5	1.346e+12
4183	1.358e+12
4183.5	1.371e+12
4184	1.384e+12
4184.5	1.396e+12
4185	1.409e+12
4185.5	1.423e+12
4186	1.436e+12
4186.5	1.449e+12
4187	1.463e+12
4187.5	1.477e+12
4188	1.491e+12
4188.5	1.505e+12
4189	1.52e+12
4189.5	1.534e+12
4190	1.549e+12
4190.5	1.564e+12
4191	1.579e+12
4191.5	1.594e+12
4192	1.609e+12
4192.5	1.625e+12
4193	1.641e+12
4193.5	1.657e+12
4194	1.673e+12
4194.5	1.689e+12
4195	1.705e+12
4195.5	1.722e+12
4196	1.739e+12
4196.5	1.756e+12
4197	1.773e+12
4197.5	1.791e+12
4198	1.808e+12
4198.5	1.826e+12
4199	1.844e+12
4199.5	1.863e+12
4200	1.881e+12
4200.5	1.9e+12
4201	1.918e+12
4201.5	1.937e+12
4202	1.957e+12
4202.5	1.976e+12
4203	1.996e+12
4203.5	2.015e+12
4204	2.035e+12
4204.5	2.056e+12
4205	2.076e+12
4205.5	2.097e+12
4206	2.118e+12
4206.5	2.139e+12
4207	2.16e+12
4207.5	2.182e+12
4208	2.203e+12
4208.5	2.225e+12
4209	2.247e+12
4209.5	2.27e+12
4210	2.292e+12
4210.5	2.315e+12
4211	2.338e+12
4211.5	2.361e+12
4212	2.385e+12
4212.5	2.408e+12
4213	2.432e+12
4213.5	2.457e+12
4214	2.481e+12
4214.5	2.505e+12
4215	2.53e+12
4215.5	2.555e+12
4216	2.58e+12
4216.5	2.606e+12
4217	2.632e+12
4217.5	2.657e+12
4218	2.683e+12
4218.5	2.71e+12
4219	2.736e+12
4219.5	2.763e+12
4220	2.791e+12
4220.5	2.818e+12
4221	2.845e+12
4221.5	2.873e+12
4222	2.901e+12
4222.5	2.93e+12
4223	2.958e+12
4223.5	2.987e+12
4224	3.016e+12
4224.5	3.045e+12
4225	3.074e+12
4225.5	3.105e+12
4226	3.135e+12
4226.5	3.165e+12
4227	3.195e+12
4227.5	3.226e+12
4228	3.257e+12
4228.5	3.289e+12
4229	3.32e+12
4229.5	3.352e+12
4230	3.384e+12
4230.5	3.416e+12
4231	3.449e+12
4231.5	3.482e+12
4232	3.515e+12
4232.5	3.548e+12
4233	3.582e+12
4233.5	3.616e+12
4234	3.65e+12
4234.5	3.685e+12
4235	3.719e+12
4235.5	3.754e+12
4236	3.789e+12
4236.5	3.824e+12
4237	3.86e+12
4237.5	3.896e+12
4238	3.932e+12
4238.5	3.969e+12
4239	4.005e+12
4239.5	4.042e+12
4240	4.079e+12
4240.5	4.117e+12
4241	4.154e+12
4241.5	4.192e+12
4242	4.23e+12
4242.5	4.268e+12
4243	4.306e+12
4243.5	4.345e+12
4244	4.384e+12
4244.5	4.423e+12
4245	4.462e+12
4245.5	4.501e+12
4246	4.541e+12
4246.5	4.581e+12
4247	4.62e+12
4247.5	4.66e+12
4248	4.7e+12
4248.5	4.741e+12
4249	4.782e+12
4249.5	4.822e+12
4250	4.863e+12
4250.5	4.904e+12
4251	4.945e+12
4251.5	4.986e+12
4252	5.028e+12
4252.5	5.069e+12
4253	5.111e+12
4253.5	5.152e+12
4254	5.194e+12
4254.5	5.236e+12
4255	5.278e+12
4255.5	5.32e+12
4256	5.362e+12
4256.5	5.404e+12
4257	5.446e+12
4257.5	5.488e+12
4258	5.53e+12
4258.5	5.573e+12
4259	5.615e+12
4259.5	5.657e+12
4260	5.699e+12
4260.5	5.742e+12
4261	5.784e+12
4261.5	5.826e+12
4262	5.868e+12
4262.5	5.91e+12
4263	5.952e+12
4263.5	5.995e+12
4264	6.037e+12
4264.5	6.079e+12
4265	6.121e+12
4265.5	6.162e+12
4266	6.204e+12
4266.5	6.246e+12
4267	6.288e+12
4267.5	6.329e+12
4268	6.37e+12
4268.5	6.412e+12
4269	6.453e+12
4269.5	6.494e+12
4270	6.535e+12
4270.5	6.576e+12
4271	6.616e+12
4271.5	6.656e+12
4272	6.697e+12
4272.5	6.737e+12
4273	6.777e+12
4273.5	6.817e+12
4274	6.856e+12
4274.5	6.895e+12
4275	6.934e+12
4275.5	6.974e+12
4276	7.012e+12
4276.5	7.051e+12
4277	7.088e+12
4277.5	7.126e+12
4278	7.165e+12
4278.5	7.202e+12
4279	7.239e+12
4279.5	7.276e+12
4280	7.312e+12
4280.5	7.348e+12
4281	7.385e+12
4281.5	7.421e+12
4282	7.456e+12
4282.5	7.491e+12
4283	7.525e+12
4283.5	7.559e+12
4284	7.594e+12
4284.5	7.628e+12
4285	7.661e+12
4285.5	7.694e+12
4286	7.726e+12
4286.5	7.758e+12
4287	7.79e+12
4287.5	7.822e+12
4288	7.853e+12
4288.5	7.883e+12
4289	7.913e+12
4289.5	7.942e+12
4290	7.972e+12
4290.5	8.001e+12
4291	8.029e+12
4291.5	8.057e+12
4292	8.084e+12
4292.5	8.111e+12
4293	8.138e+12
4293.5	8.164e+12
4294	8.189e+12
4294.5	8.214e+12
4295	8.238e+12
4295.5	8.262e+12
4296	8.285e+12
4296.5	8.308e+12
4297	8.33e+12
4297.5	8.352e+12
4298	8.372e+12
4298.5	8.393e+12
4299	8.413e+12
4299.5	8.433e+12
4300	8.451e+12
4300.5	8.469e+12
4301	8.486e+12
4301.5	8.504e+12
4302	8.52e+12
4302.5	8.536e+12
4303	8.551e+12
4303.5	8.565e+12
4304	8.578e+12
4304.5	8.592e+12
4305	8.605e+12
4305.5	8.616e+12
4306	8.628e+12
4306.5	8.638e+12
4307	8.647e+12
4307.5	8.657e+12
4308	8.666e+12
4308.5	8.674e+12
4309	8.681e+12
4309.5	8.687e+12
4310	8.693e+12
4310.5	8.699e+12
4311	8.703e+12
4311.5	8.707e+12
4312	8.71e+12
4312.5	8.713e+12
4313	8.714e+12
4313.5	8.715e+12
4314	8.716e+12
4314.5	8.716e+12
4315	8.715e+12
4315.5	8.713e+12
4316	8.71e+12
4316.5	8.708e+12
4317	8.704e+12
4317.5	8.7e+12
4318	8.695e+12
4318.5	8.69e+12
4319	8.683e+12
4319.5	8.677e+12
4320	8.67e+12
4320.5	8.662e+12
4321	8.653e+12
4321.5	8.644e+12
4322	8.634e+12
4322.5	8.624e+12
4323	8.613e+12
4323.5	8.602e+12
4324	8.59e+12
4324.5	8.577e+12
4325	8.564e+12
4325.5	8.551e+12
4326	8.537e+12
4326.5	8.523e+12
4327	8.508e+12
4327.5	8.492e+12
4328	8.477e+12
4328.5	8.46e+12
4329	8.444e+12
4329.5	8.427e+12
4330	8.41e+12
4330.5	8.392e+12
4331	8.374e+12
4331.5	8.356e+12
4332	8.338e+12
4332.5	8.319e+12
4333	8.3e+12
4333.5	8.281e+12
4334	8.262e+12
4334.5	8.243e+12
4335	8.223e+12
4335.5	8.204e+12
4336	8.184e+12
4336.5	8.164e+12
4337	8.144e+12
4337.5	8.125e+12
4338	8.105e+12
4338.5	8.085e+12
4339	8.065e+12
4339.5	8.046e+12
4340	8.026e+12
4340.5	8.007e+12
4341	7.988e+12
4341.5	7.968e+12
4342	7.95e+12
4342.5	7.931e+12
4343	7.912e+12
4343.5	7.894e+12
4344	7.876e+12
4344.5	7.859e+12
4345	7.841e+12
4345.5	7.824e+12
4346	7.807e+12
4346.5	7.791e+12
4347	7.775e+12
4347.5	7.759e+12
4348	7.744e+12
4348.5	7.729e+12
4349	7.715e+12
4349.5	7.701e+12
4350	7.687e+12
4350.5	7.674e+12
4351	7.662e+12
4351.5	7.65e+12
4352	7.638e+12
4352.5	7.627e+12
4353	7.617e+12
4353.5	7.607e+12
4354	7.597e+12
4354.5	7.588e+12
4355	7.58e+12
4355.5	7.572e+12
4356	7.565e+12
4356.5	7.559e+12
4357	7.552e+12
4357.5	7.547e+12
4358	7.542e+12
4358.5	7.538e+12
4359	7.534e+12
4359.5	7.53e+12
4360	7.528e+12
4360.5	7.525e+12
4361	7.524e+12
4361.5	7.523e+12
4362	7.522e+12
4362.5	7.522e+12
4363	7.522e+12
4363.5	7.523e+12
4364	7.524e+12
4364.5	7.526e+12
4365	7.528e+12
4365.5	7.531e+12
4366	7.534e+12
4366.5	7.537e+12
4367	7.541e+12
4367.5	7.546e+12
4368	7.55e+12
4368.5	7.555e+12
4369	7.561e+12
4369.5	7.566e+12
4370	7.572e+12
4370.5	7.579e+12
4371	7.585e+12
4371.5	7.592e+12
4372	7.599e+12
4372.5	7.606e+12
4373	7.614e+12
4373.5	7.621e+12
4374	7.629e+12
4374.5	7.637e+12
4375	7.645e+12
4375.5	7.653e+12
4376	7.661e+12
4376.5	7.669e+12
4377	7.678e+12
4377.5	7.686e+12
4378	7.695e+12
4378.5	7.702e+12
4379	7.711e+12
4379.5	7.719e+12
4380	7.727e+12
4380.5	7.735e+12
4381	7.743e+12
4381.5	7.751e+12
4382	7.758e+12
4382.5	7.766e+12
4383	7.773e+12
4383.5	7.78e+12
4384	7.788e+12
4384.5	7.794e+12
4385	7.8e+12
4385.5	7.807e+12
4386	7.813e+12
4386.5	7.819e+12
4387	7.825e+12
4387.5	7.829e+12
4388	7.834e+12
4388.5	7.839e+12
4389	7.843e+12
4389.5	7.847e+12
4390	7.852e+12
4390.5	7.855e+12
4391	7.858e+12
4391.5	7.861e+12
4392	7.863e+12
4392.5	7.866e+12
4393	7.868e+12
4393.5	7.869e+12
4394	7.871e+12
4394.5	7.872e+12
4395	7.872e+12
4395.5	7.873e+12
4396	7.873e+12
4396.5	7.873e+12
4397	7.872e+12
4397.5	7.872e+12
4398	7.871e+12
4398.5	7.87e+12
4399	7.868e+12
4399.5	7.866e+12
4400	7.864e+12
4400.5	7.862e+12
4401	7.86e+12
4401.5	7.858e+12
4402	7.855e+12
4402.5	7.851e+12
4403	7.848e+12
4403.5	7.845e+12
4404	7.842e+12
4404.5	7.839e+12
4405	7.835e+12
4405.5	7.831e+12
4406	7.827e+12
4406.5	7.823e+12
4407	7.819e+12
4407.5	7.816e+12
4408	7.812e+12
4408.5	7.807e+12
4409	7.803e+12
4409.5	7.799e+12
4410	7.795e+12
4410.5	7.792e+12
4411	7.788e+12
4411.5	7.783e+12
4412	7.779e+12
4412.5	7.776e+12
4413	7.772e+12
4413.5	7.769e+12
4414	7.765e+12
4414.5	7.762e+12
4415	7.758e+12
4415.5	7.755e+12
4416	7.752e+12
4416.5	7.75e+12
4417	7.747e+12
4417.5	7.744e+12
4418	7.741e+12
4418.5	7.739e+12
4419	7.737e+12
4419.5	7.735e+12
4420	7.733e+12
4420.5	7.731e+12
4421	7.729e+12
4421.5	7.727e+12
4422	7.727e+12
4422.5	7.725e+12
4423	7.724e+12
4423.5	7.723e+12
4424	7.722e+12
4424.5	7.722e+12
4425	7.722e+12
4425.5	7.721e+12
4426	7.721e+12
4426.5	7.72e+12
4427	7.72e+12
4427.5	7.721e+12
4428	7.721e+12
4428.5	7.722e+12
4429	7.722e+12
4429.5	7.722e+12
4430	7.723e+12
4430.5	7.724e+12
4431	7.725e+12
4431.5	7.727e+12
4432	7.728e+12
4432.5	7.728e+12
4433	7.729e+12
4433.5	7.731e+12
4434	7.733e+12
4434.5	7.734e+12
4435	7.736e+12
4435.5	7.737e+12
4436	7.738e+12
4436.5	7.74e+12
4437	7.742e+12
4437.5	7.744e+12
4438	7.745e+12
4438.5	7.747e+12
4439	7.748e+12
4439.5	7.75e+12
4440	7.752e+12
4440.5	7.754e+12
4441	7.756e+12
4441.5	7.757e+12
4442	7.759e+12
4442.5	7.761e+12
4443	7.763e+12
4443.5	7.765e+12
4444	7.767e+12
4444.5	7.768e+12
4445	7.77e+12
4445.5	7.772e+12
4446	7.773e+12
4446.5	7.775e+12
4447	7.777e+12
4447.5	7.778e+12
4448	7.779e+12
4448.5	7.781e+12
4449	7.783e+12
4449.5	7.784e+12
4450	7.785e+12
4450.5	7.786e+12
4451	7.787e+12
4451.5	7.789e+12
4452	7.79e+12
4452.5	7.791e+12
4453	7.792e+12
4453.5	7.793e+12
4454	7.793e+12
4454.5	7.795e+12
4455	7.795e+12
4455.5	7.796e+12
4456	7.797e+12
4456.5	7.796e+12
4457	7.797e+12
4457.5	7.798e+12
4458	7.798e+12
4458.5	7.798e+12
4459	7.797e+12
4459.5	7.797e+12
4460	7.797e+12
4460.5	7.798e+12
4461	7.797e+12
4461.5	7.797e+12
4462	7.796e+12
4462.5	7.795e+12
4463	7.795e+12
4463.5	7.795e+12
4464	7.794e+12
4464.5	7.793e+12
4465	7.792e+12
4465.5	7.791e+12
4466	7.79e+12
4466.5	7.789e+12
4467	7.788e+12
4467.5	7.787e+12
4468	7.786e+12
4468.5	7.785e+12
4469	7.784e+12
4469.5	7.783e+12
4470	7.782e+12
4470.5	7.781e+12
4471	7.779e+12
4471.5	7.778e+12
4472	7.777e+12
4472.5	7.776e+12
4473	7.775e+12
4473.5	7.774e+12
4474	7.772e+12
4474.5	7.771e+12
4475	7.771e+12
4475.5	7.77e+12
4476	7.769e+12
4476.5	7.768e+12
4477	7.766e+12
4477.5	7.765e+12
4478	7.765e+12
4478.5	7.764e+12
4479	7.764e+12
4479.5	7.763e+12
4480	7.762e+12
4480.5	7.761e+12
4481	7.761e+12
4481.5	7.76e+12
4482	7.76e+12
4482.5	7.759e+12
4483	7.758e+12
4483.5	7.758e+12
4484	7.758e+12
4484.5	7.757e+12
4485	7.757e+12
4485.5	7.756e+12
4486	7.755e+12
4486.5	7.755e+12
4487	7.755e+12
4487.5	7.755e+12
4488	7.754e+12
4488.5	7.754e+12
4489	7.753e+12
4489.5	7.753e+12
4490	7.752e+12
4490.5	7.752e+12
4491	7.752e+12
4491.5	7.751e+12
4492	7.75e+12
4492.5	7.75e+12
4493	7.75e+12
4493.5	7.749e+12
4494	7.748e+12
4494.5	7.748e+12
4495	7.747e+12
4495.5	7.747e+12
4496	7.746e+12
4496.5	7.745e+12
4497	7.745e+12
4497.5	7.744e+12
4498	7.742e+12
4498.5	7.742e+12
4499	7.742e+12
4499.5	7.741e+12
4500	7.74e+12
4500.5	7.739e+12
4501	7.738e+12
4501.5	7.737e+12
4502	7.736e+12
4502.5	7.736e+12
4503	7.735e+12
4503.5	7.734e+12
4504	7.732e+12
4504.5	7.732e+12
4505	7.731e+12
4505.5	7.73e+12
4506	7.729e+12
4506.5	7.728e+12
4507	7.726e+12
4507.5	7.726e+12
4508	7.725e+12
4508.5	7.724e+12
4509	7.723e+12
4509.5	7.722e+12
4510	7.721e+12
4510.5	7.72e+12
4511	7.72e+12
4511.5	7.719e+12
4512	7.718e+12
4512.5	7.717e+12
4513	7.715e+12
4513.5	7.715e+12
4514	7.714e+12
4514.5	7.713e+12
4515	7.713e+12
4515.5	7.712e+12
4516	7.711e+12
4516.5	7.71e+12
4517	7.71e+12
4517.5	7.709e+12
4518	7.708e+12
4518.5	7.707e+12
4519	7.707e+12
4519.5	7.706e+12
4520	7.706e+12
4520.5	7.705e+12
4521	7.705e+12
4521.5	7.704e+12
4522	7.704e+12
4522.5	7.703e+12
4523	7.703e+12
4523.5	7.702e+12
4524	7.702e+12
4524.5	7.702e+12
4525	7.701e+12
4525.5	7.701e+12
4526	7.701e+12
4526.5	7.701e+12
4527	7.701e+12
4527.5	7.7e+12
4528	7.7e+12
4528.5	7.7e+12
4529	7.7e+12
4529.5	7.7e+12
4530	7.7e+12
4530.5	7.7e+12
4531	7.699e+12
4531.5	7.699e+12
4532	7.699e+12
4532.5	7.699e+12
4533	7.699e+12
4533.5	7.699e+12
4534	7.699e+12
4534.5	7.698e+12
4535	7.698e+12
4535.5	7.698e+12
4536	7.697e+12
4536.5	7.697e+12
4537	7.697e+12
4537.5	7.696e+12
4538	7.696e+12
4538.5	7.695e+12
4539	7.695e+12
4539.5	7.694e+12
4540	7.693e+12
4540.5	7.693e+12
4541	7.692e+12
4541.5	7.691e+12
4542	7.69e+12
4542.5	7.689e+12
4543	7.688e+12
4543.5	7.687e+12
4544	7.686e+12
4544.5	7.685e+12
4545	7.684e+12
4545.5	7.683e+12
4546	7.681e+12
4546.5	7.68e+12
4547	7.679e+12
4547.5	7.678e+12
4548	7.677e+12
4548.5	7.676e+12
4549	7.674e+12
4549.5	7.673e+12
4550	7.672e+12
4550.5	7.671e+12
4551	7.67e+12
4551.5	7.669e+12
4552	7.668e+12
4552.5	7.667e+12
4553	7.666e+12
4553.5	7.665e+12
4554	7.664e+12
4554.5	7.663e+12
4555	7.662e+12
4555.5	7.661e+12
4556	7.661e+12
4556.5	7.66e+12
4557	7.659e+12
4557.5	7.659e+12
4558	7.658e+12
4558.5	7.658e+12
4559	7.658e+12
4559.5	7.657e+12
4560	7.657e+12
4560.5	7.657e+12
4561	7.657e+12
4561.5	7.656e+12
4562	7.656e+12
4562.5	7.656e+12
4563	7.656e+12
4563.5	7.656e+12
4564	7.656e+12
4564.5	7.656e+12
4565	7.656e+12
4565.5	7.656e+12
4566	7.656e+12
4566.5	7.656e+12
4567	7.655e+12
4567.5	7.655e+12
4568	7.655e+12
4568.5	7.655e+12
4569	7.656e+12
4569.5	7.655e+12
4570	7.655e+12
4570.5	7.655e+12
4571	7.654e+12
4571.5	7.654e+12
4572	7.655e+12
4572.5	7.654e+12
4573	7.654e+12
4573.5	7.653e+12
4574	7.653e+12
4574.5	7.653e+12
4575	7.653e+12
4575.5	7.652e+12
4576	7.652e+12
4576.5	7.652e+12
4577	7.651e+12
4577.5	7.651e+12
4578	7.651e+12
4578.5	7.65e+12
4579	7.65e+12
4579.5	7.65e+12
4580	7.65e+12
4580.5	7.65e+12
4581	7.65e+12
4581.5	7.649e+12
4582	7.649e+12
4582.5	7.649e+12
4583	7.649e+12
4583.5	7.649e+12
4584	7.65e+12
4584.5	7.649e+12
4585	7.65e+12
4585.5	7.65e+12
4586	7.65e+12
4586.5	7.651e+12
4587	7.651e+12
4587.5	7.651e+12
4588	7.651e+12
4588.5	7.652e+12
4589	7.652e+12
4589.5	7.653e+12
4590	7.654e+12
4590.5	7.654e+12
4591	7.655e+12
4591.5	7.655e+12
4592	7.656e+12
4592.5	7.657e+12
4593	7.658e+12
4593.5	7.658e+12
4594	7.659e+12
4594.5	7.659e+12
4595	7.66e+12
4595.5	7.661e+12
4596	7.662e+12
4596.5	7.662e+12
4597	7.663e+12
4597.5	7.663e+12
4598	7.664e+12
4598.5	7.665e+12
4599	7.665e+12
4599.5	7.665e+12
4600	7.666e+12
4600.5	7.666e+12
4601	7.666e+12
4601.5	7.667e+12
4602	7.668e+12
4602.5	7.667e+12
4603	7.667e+12
4603.5	7.667e+12
4604	7.667e+12
4604.5	7.668e+12
4605	7.668e+12
4605.5	7.667e+12
4606	7.667e+12
4606.5	7.667e+12
4607	7.666e+12
4607.5	7.666e+12
4608	7.666e+12
4608.5	7.665e+12
4609	7.664e+12
4609.5	7.664e+12
4610	7.664e+12
4610.5	7.663e+12
4611	7.662e+12
4611.5	7.661e+12
4612	7.66e+12
4612.5	7.659e+12
4613	7.659e+12
4613.5	7.658e+12
4614	7.657e+12
4614.5	7.656e+12
4615	7.655e+12
4615.5	7.654e+12
4616	7.654e+12
4616.5	7.653e+12
4617	7.652e+12
4617.5	7.65e+12
4618	7.649e+12
4618.5	7.648e+12
4619	7.648e+12
4619.5	7.647e+12
4620	7.646e+12
4620.5	7.645e+12
4621	7.644e+12
4621.5	7.643e+12
4622	7.643e+12
4622.5	7.642e+12
4623	7.641e+12
4623.5	7.64e+12
4624	7.639e+12
4624.5	7.639e+12
4625	7.639e+12
4625.5	7.638e+12
4626	7.637e+12
4626.5	7.636e+12
4627	7.635e+12
4627.5	7.635e+12
4628	7.635e+12
4628.5	7.634e+12
4629	7.633e+12
4629.5	7.632e+12
4630	7.632e+12
4630.5	7.631e+12
4631	7.631e+12
4631.5	7.63e+12
4632	7.63e+12
4632.5	7.628e+12
4633	7.628e+12
4633.5	7.627e+12
4634	7.627e+12
4634.5	7.626e+12
4635	7.625e+12
4635.5	7.624e+12
4636	7.623e+12
4636.5	7.623e+12
4637	7.622e+12
4637.5	7.621e+12
4638	7.62e+12
4638.5	7.618e+12
4639	7.617e+12
4639.5	7.616e+12
4640	7.615e+12
4640.5	7.614e+12
4641	7.613e+12
4641.5	7.611e+12
4642	7.609e+12
4642.5	7.608e+12
4643	7.607e+12
4643.5	7.606e+12
4644	7.604e+12
4644.5	7.602e+12
4645	7.601e+12
4645.5	7.6e+12
4646	7.598e+12
4646.5	7.596e+12
4647	7.595e+12
4647.5	7.593e+12
4648	7.591e+12
4648.5	7.59e+12
4649	7.588e+12
4649.5	7.587e+12
4650	7.585e+12
4650.5	7.583e+12
4651	7.581e+12
4651.5	7.58e+12
4652	7.579e+12
4652.5	7.577e+12
4653	7.576e+12
4653.5	7.574e+12
4654	7.573e+12
4654.5	7.572e+12
4655	7.571e+12
4655.5	7.569e+12
4656	7.568e+12
4656.5	7.566e+12
4657	7.566e+12
4657.5	7.565e+12
4658	7.564e+12
4658.5	7.563e+12
4659	7.562e+12
4659.5	7.561e+12
4660	7.56e+12
4660.5	7.56e+12
4661	7.559e+12
4661.5	7.559e+12
4662	7.558e+12
4662.5	7.557e+12
4663	7.557e+12
4663.5	7.556e+12
4664	7.556e+12
4664.5	7.556e+12
4665	7.555e+12
4665.5	7.554e+12
4666	7.554e+12
4666.5	7.554e+12
4667	7.554e+12
4667.5	7.553e+12
4668	7.553e+12
4668.5	7.552e+12
4669	7.552e+12
4669.5	7.552e+12
4670	7.551e+12
4670.5	7.551e+12
4671	7.55e+12
4671.5	7.549e+12
4672	7.549e+12
4672.5	7.548e+12
4673	7.547e+12
4673.5	7.547e+12
4674	7.546e+12
4674.5	7.544e+12
4675	7.544e+12
4675.5	7.543e+12
4676	7.542e+12
4676.5	7.541e+12
4677	7.54e+12
4677.5	7.538e+12
4678	7.537e+12
4678.5	7.536e+12
4679	7.535e+12
4679.5	7.533e+12
4680	7.532e+12
4680.5	7.53e+12
4681	7.529e+12
4681.5	7.528e+12
4682	7.526e+12
4682.5	7.525e+12
4683	7.523e+12
4683.5	7.522e+12
4684	7.521e+12
4684.5	7.519e+12
4685	7.518e+12
4685.5	7.517e+12
4686	7.515e+12
4686.5	7.514e+12
4687	7.513e+12
4687.5	7.512e+12
4688	7.511e+12
4688.5	7.51e+12
4689	7.509e+12
4689.5	7.508e+12
4690	7.508e+12
4690.5	7.507e+12
4691	7.506e+12
4691.5	7.506e+12
4692	7.505e+12
4692.5	7.505e+12
4693	7.505e+12
4693.5	7.504e+12
4694	7.504e+12
4694.5	7.504e+12
4695	7.503e+12
4695.5	7.504e+12
4696	7.504e+12
4696.5	7.504e+12
4697	7.504e+12
4697.5	7.504e+12
4698	7.504e+12
4698.5	7.504e+12
4699	7.505e+12
4699.5	7.505e+12
4700	7.505e+12
4700.5	7.505e+12
4701	7.505e+12
4701.5	7.506e+12
4702	7.506e+12
4702.5	7.506e+12
4703	7.507e+12
4703.5	7.507e+12
4704	7.507e+12
4704.5	7.507e+12
4705	7.507e+12
4705.5	7.508e+12
4706	7.508e+12
4706.5	7.508e+12
4707	7.508e+12
4707.5	7.508e+12
4708	7.508e+12
4708.5	7.507e+12
4709	7.507e+12
4709.5	7.507e+12
4710	7.506e+12
4710.5	7.506e+12
4711	7.506e+12
4711.5	7.505e+12
4712	7.505e+12
4712.5	7.504e+12
4713	7.503e+12
4713.5	7.503e+12
4714	7.502e+12
4714.5	7.501e+12
4715	7.5e+12
4715.5	7.499e+12
4716	7.498e+12
4716.5	7.498e+12
4717	7.497e+12
4717.5	7.496e+12
4718	7.495e+12
4718.5	7.494e+12
4719	7.493e+12
4719.5	7.492e+12
4720	7.491e+12
4720.5	7.489e+12
4721	7.488e+12
4721.5	7.487e+12
4722	7.486e+12
4722.5	7.485e+12
4723	7.484e+12
4723.5	7.483e+12
4724	7.482e+12
4724.5	7.481e+12
4725	7.481e+12
4725.5	7.48e+12
4726	7.479e+12
4726.5	7.478e+12
4727	7.477e+12
4727.5	7.477e+12
4728	7.476e+12
4728.5	7.475e+12
4729	7.475e+12
4729.5	7.474e+12
4730	7.473e+12
4730.5	7.473e+12
4731	7.472e+12
4731.5	7.472e+12
4732	7.471e+12
4732.5	7.471e+12
4733	7.47e+12
4733.5	7.47e+12
4734	7.47e+12
4734.5	7.469e+12
4735	7.469e+12
4735.5	7.468e+12
4736	7.468e+12
4736.5	7.468e+12
4737	7.467e+12
4737.5	7.467e+12
4738	7.466e+12
4738.5	7.466e+12
4739	7.465e+12
4739.5	7.465e+12
4740	7.464e+12
4740.5	7.463e+12
4741	7.463e+12
4741.5	7.462e+12
4742	7.461e+12
4742.5	7.461e+12
4743	7.459e+12
4743.5	7.458e+12
4744	7.457e+12
4744.5	7.456e+12
4745	7.455e+12
4745.5	7.455e+12
4746	7.453e+12
4746.5	7.452e+12
4747	7.45e+12
4747.5	7.449e+12
4748	7.447e+12
4748.5	7.447e+12
4749	7.445e+12
4749.5	7.443e+12
4750	7.441e+12
4750.5	7.44e+12
4751	7.439e+12
4751.5	7.437e+12
4752	7.435e+12
4752.5	7.433e+12
4753	7.432e+12
4753.5	7.43e+12
4754	7.429e+12
4754.5	7.427e+12
4755	7.425e+12
4755.5	7.423e+12
4756	7.422e+12
4756.5	7.42e+12
4757	7.419e+12
4757.5	7.417e+12
4758	7.415e+12
4758.5	7.414e+12
4759	7.413e+12
4759.5	7.412e+12
4760	7.411e+12
4760.5	7.41e+12
4761	7.408e+12
4761.5	7.407e+12
4762	7.407e+12
4762.5	7.406e+12
4763	7.406e+12
4763.5	7.405e+12
4764	7.405e+12
4764.5	7.404e+12
4765	7.404e+12
4765.5	7.404e+12
4766	7.405e+12
4766.5	7.405e+12
4767	7.405e+12
4767.5	7.405e+12
4768	7.406e+12
4768.5	7.407e+12
4769	7.408e+12
4769.5	7.409e+12
4770	7.41e+12
4770.5	7.411e+12
4771	7.413e+12
4771.5	7.414e+12
4772	7.416e+12
4772.5	7.418e+12
4773	7.419e+12
4773.5	7.421e+12
4774	7.423e+12
4774.5	7.426e+12
4775	7.428e+12
4775.5	7.431e+12
4776	7.433e+12
4776.5	7.435e+12
4777	7.438e+12
4777.5	7.441e+12
4778	7.443e+12
4778.5	7.446e+12
4779	7.448e+12
4779.5	7.451e+12
4780	7.454e+12
4780.5	7.457e+12
4781	7.46e+12
4781.5	7.463e+12
4782	7.465e+12
4782.5	7.468e+12
4783	7.471e+12
4783.5	7.474e+12
4784	7.477e+12
4784.5	7.48e+12
4785	7.482e+12
4785.5	7.485e+12
4786	7.487e+12
4786.5	7.49e+12
4787	7.493e+12
4787.5	7.495e+12
4788	7.497e+12
4788.5	7.499e+12
4789	7.502e+12
4789.5	7.504e+12
4790	7.506e+12
4790.5	7.508e+12
4791	7.51e+12
4791.5	7.511e+12
4792	7.513e+12
4792.5	7.515e+12
4793	7.517e+12
4793.5	7.518e+12
4794	7.519e+12
4794.5	7.52e+12
4795	7.521e+12
4795.5	7.523e+12
4796	7.524e+12
4796.5	7.524e+12
4797	7.525e+12
4797.5	7.525e+12
4798	7.526e+12
4798.5	7.527e+12
4799	7.527e+12
4799.5	7.527e+12
4800	7.527e+12
4800.5	7.527e+12
4801	7.527e+12
4801.5	7.527e+12
4802	7.527e+12
4802.5	7.526e+12
4803	7.526e+12
4803.5	7.526e+12
4804	7.526e+12
4804.5	7.525e+12
4805	7.525e+12
4805.5	7.524e+12
4806	7.523e+12
4806.5	7.522e+12
4807	7.522e+12
4807.5	7.521e+12
4808	7.521e+12
4808.5	7.519e+12
4809	7.518e+12
4809.5	7.517e+12
4810	7.517e+12
4810.5	7.516e+12
4811	7.515e+12
4811.5	7.514e+12
4812	7.513e+12
4812.5	7.511e+12
4813	7.511e+12
4813.5	7.51e+12
4814	7.509e+12
4814.5	7.507e+12
4815	7.506e+12
4815.5	7.505e+12
4816	7.504e+12
4816.5	7.503e+12
4817	7.501e+12
4817.5	7.5e+12
4818	7.498e+12
4818.5	7.497e+12
4819	7.496e+12
4819.5	7.495e+12
4820	7.494e+12
4820.5	7.492e+12
4821	7.49e+12
4821.5	7.489e+12
4822	7.488e+12
4822.5	7.486e+12
4823	7.485e+12
4823.5	7.483e+12
4824	7.481e+12
4824.5	7.48e+12
4825	7.478e+12
4825.5	7.476e+12
4826	7.474e+12
4826.5	7.472e+12
4827	7.47e+12
4827.5	7.469e+12
4828	7.467e+12
4828.5	7.465e+12
4829	7.463e+12
4829.5	7.46e+12
4830	7.458e+12
4830.5	7.456e+12
4831	7.453e+12
4831.5	7.451e+12
4832	7.449e+12
4832.5	7.445e+12
4833	7.443e+12
4833.5	7.441e+12
4834	7.438e+12
4834.5	7.435e+12
4835	7.432e+12
4835.5	7.429e+12
4836	7.426e+12
4836.5	7.423e+12
4837	7.42e+12
4837.5	7.417e+12
4838	7.414e+12
4838.5	7.41e+12
4839	7.407e+12
4839.5	7.404e+12
4840	7.401e+12
4840.5	7.397e+12
4841	7.394e+12
4841.5	7.39e+12
4842	7.386e+12
4842.5	7.384e+12
4843	7.38e+12
4843.5	7.376e+12
4844	7.373e+12
4844.5	7.369e+12
4845	7.365e+12
4845.5	7.362e+12
4846	7.359e+12
4846.5	7.355e+12
4847	7.352e+12
4847.5	7.348e+12
4848	7.345e+12
4848.5	7.342e+12
4849	7.339e+12
4849.5	7.335e+12
4850	7.332e+12
4850.5	7.329e+12
4851	7.326e+12
4851.5	7.323e+12
4852	7.32e+12
4852.5	7.318e+12
4853	7.315e+12
4853.5	7.312e+12
4854	7.31e+12
4854.5	7.308e+12
4855	7.306e+12
4855.5	7.304e+12
4856	7.302e+12
4856.5	7.3e+12
4857	7.299e+12
4857.5	7.298e+12
4858	7.297e+12
4858.5	7.296e+12
4859	7.295e+12
4859.5	7.294e+12
4860	7.294e+12
4860.5	7.293e+12
4861	7.293e+12
4861.5	7.294e+12
4862	7.294e+12
4862.5	7.294e+12
4863	7.295e+12
4863.5	7.296e+12
4864	7.297e+12
4864.5	7.299e+12
4865	7.3e+12
4865.5	7.301e+12
4866	7.304e+12
4866.5	7.306e+12
4867	7.309e+12
4867.5	7.311e+12
4868	7.314e+12
4868.5	7.317e+12
4869	7.32e+12
4869.5	7.324e+12
4870	7.328e+12
4870.5	7.331e+12
4871	7.335e+12
4871.5	7.34e+12
4872	7.344e+12
4872.5	7.349e+12
4873	7.354e+12
4873.5	7.359e+12
4874	7.364e+12
4874.5	7.369e+12
4875	7.374e+12
4875.5	7.38e+12
4876	7.386e+12
4876.5	7.392e+12
4877	7.397e+12
4877.5	7.404e+12
4878	7.41e+12
4878.5	7.416e+12
4879	7.422e+12
4879.5	7.429e+12
4880	7.435e+12
4880.5	7.442e+12
4881	7.449e+12
4881.5	7.455e+12
4882	7.462e+12
4882.5	7.469e+12
4883	7.475e+12
4883.5	7.482e+12
4884	7.488e+12
4884.5	7.495e+12
4885	7.502e+12
4885.5	7.508e+12
4886	7.514e+12
4886.5	7.521e+12
4887	7.527e+12
4887.5	7.533e+12
4888	7.539e+12
4888.5	7.545e+12
4889	7.551e+12
4889.5	7.556e+12
4890	7.562e+12
4890.5	7.567e+12
4891	7.572e+12
4891.5	7.577e+12
4892	7.581e+12
4892.5	7.586e+12
4893	7.59e+12
4893.5	7.594e+12
4894	7.597e+12
4894.5	7.601e+12
4895	7.604e+12
4895.5	7.606e+12
4896	7.609e+12
4896.5	7.611e+12
4897	7.613e+12
4897.5	7.614e+12
4898	7.615e+12
4898.5	7.616e+12
4899	7.616e+12
4899.5	7.616e+12
4900	7.615e+12
4900.5	7.614e+12
4901	7.613e+12
4901.5	7.611e+12
4902	7.609e+12
4902.5	7.606e+12
4903	7.603e+12
4903.5	7.6e+12
4904	7.595e+12
4904.5	7.591e+12
4905	7.586e+12
4905.5	7.58e+12
4906	7.574e+12
4906.5	7.568e+12
4907	7.561e+12
4907.5	7.553e+12
4908	7.545e+12
4908.5	7.537e+12
4909	7.527e+12
4909.5	7.518e+12
4910	7.507e+12
4910.5	7.497e+12
4911	7.486e+12
4911.5	7.474e+12
4912	7.461e+12
4912.5	7.449e+12
4913	7.435e+12
4913.5	7.421e+12
4914	7.407e+12
4914.5	7.391e+12
4915	7.376e+12
4915.5	7.36e+12
4916	7.343e+12
4916.5	7.325e+12
4917	7.308e+12
4917.5	7.289e+12
4918	7.27e+12
4918.5	7.251e+12
4919	7.231e+12
4919.5	7.21e+12
4920	7.189e+12
4920.5	7.168e+12
4921	7.145e+12
4921.5	7.123e+12
4922	7.099e+12
4922.5	7.076e+12
4923	7.051e+12
4923.5	7.027e+12
4924	7.002e+12
4924.5	6.976e+12
4925	6.949e+12
4925.5	6.923e+12
4926	6.896e+12
4926.5	6.868e+12
4927	6.84e+12
4927.5	6.812e+12
4928	6.782e+12
4928.5	6.753e+12
4929	6.723e+12
4929.5	6.693e+12
4930	6.662e+12
4930.5	6.631e+12
4931	6.599e+12
4931.5	6.567e+12
4932	6.535e+12
4932.5	6.502e+12
4933	6.469e+12
4933.5	6.436e+12
4934	6.402e+12
4934.5	6.367e+12
4935	6.333e+12
4935.5	6.298e+12
4936	6.263e+12
4936.5	6.228e+12
4937	6.192e+12
4937.5	6.156e+12
4938	6.119e+12
4938.5	6.083e+12
4939	6.046e+12
4939.5	6.009e+12
4940	5.971e+12
4940.5	5.934e+12
4941	5.896e+12
4941.5	5.858e+12
4942	5.82e+12
4942.5	5.782e+12
4943	5.743e+12
4943.5	5.704e+12
4944	5.665e+12
4944.5	5.626e+12
4945	5.587e+12
4945.5	5.547e+12
4946	5.507e+12
4946.5	5.468e+12
4947	5.428e+12
4947.5	5.388e+12
4948	5.348e+12
4948.5	5.308e+12
4949	5.268e+12
4949.5	5.227e+12
4950	5.187e+12
4950.5	5.147e+12
4951	5.107e+12
4951.5	5.066e+12
4952	5.025e+12
4952.5	4.985e+12
4953	4.945e+12
4953.5	4.904e+12
4954	4.864e+12
4954.5	4.823e+12
4955	4.783e+12
4955.5	4.742e+12
4956	4.702e+12
4956.5	4.662e+12
4957	4.622e+12
4957.5	4.581e+12
4958	4.541e+12
4958.5	4.501e+12
4959	4.461e+12
4959.5	4.421e+12
4960	4.381e+12
4960.5	4.341e+12
4961	4.301e+12
4961.5	4.262e+12
4962	4.223e+12
4962.5	4.183e+12
4963	4.144e+12
4963.5	4.105e+12
4964	4.066e+12
4964.5	4.027e+12
4965	3.989e+12
4965.5	3.951e+12
4966	3.912e+12
4966.5	3.874e+12
4967	3.836e+12
4967.5	3.798e+12
4968	3.761e+12
4968.5	3.723e+12
4969	3.686e+12
4969.5	3.649e+12
4970	3.612e+12
4970.5	3.575e+12
4971	3.539e+12
4971.5	3.503e+12
4972	3.467e+12
4972.5	3.431e+12
4973	3.395e+12
4973.5	3.36e+12
4974	3.325e+12
4974.5	3.29e+12
4975	3.255e+12
4975.5	3.221e+12
4976	3.186e+12
4976.5	3.152e+12
4977	3.118e+12
4977.5	3.085e+12
4978	3.051e+12
4978.5	3.018e+12
4979	2.985e+12
4979.5	2.953e+12
4980	2.92e+12
4980.5	2.888e+12
4981	2.856e+12
4981.5	2.825e+12
4982	2.793e+12
4982.5	2.762e+12
4983	2.731e+12
4983.5	2.701e+12
4984	2.67e+12
4984.5	2.64e+12
4985	2.61e+12
4985.5	2.581e+12
4986	2.551e+12
4986.5	2.522e+12
4987	2.494e+12
4987.5	2.465e+12
4988	2.436e+12
4988.5	2.408e+12
4989	2.381e+12
4989.5	2.353e+12
4990	2.326e+12
4990.5	2.299e+12
4991	2.272e+12
4991.5	2.246e+12
4992	2.219e+12
4992.5	2.193e+12
4993	2.168e+12
4993.5	2.142e+12
4994	2.117e+12
4994.5	2.092e+12
4995	2.067e+12
4995.5	2.043e+12
4996	2.019e+12
4996.5	1.995e+12
4997	1.971e+12
4997.5	1.947e+12
4998	1.924e+12
4998.5	1.901e+12
4999	1.878e+12
4999.5	1.856e+12
5000	1.833e+12
5000.5	1.812e+12
5001	1.79e+12
5001.5	1.768e+12
5002	1.747e+12
5002.5	1.726e+12
5003	1.705e+12
5003.5	1.684e+12
5004	1.664e+12
5004.5	1.644e+12
5005	1.624e+12
5005.5	1.605e+12
5006	1.585e+12
5006.5	1.566e+12
5007	1.547e+12
5007.5	1.528e+12
5008	1.51e+12
5008.5	1.491e+12
5009	1.473e+12
5009.5	1.455e+12
5010	1.437e+12
5010.5	1.42e+12
5011	1.403e+12
5011.5	1.386e+12
5012	1.369e+12
5012.5	1.352e+12
5013	1.336e+12
5013.5	1.319e+12
5014	1.303e+12
5014.5	1.288e+12
5015	1.272e+12
5015.5	1.256e+12
5016	1.241e+12
5016.5	1.226e+12
5017	1.211e+12
5017.5	1.196e+12
5018	1.182e+12
5018.5	1.168e+12
5019	1.153e+12
5019.5	1.14e+12
5020	1.126e+12
5020.5	1.112e+12
5021	1.099e+12
5021.5	1.085e+12
5022	1.072e+12
5022.5	1.059e+12
5023	1.047e+12
5023.5	1.034e+12
5024	1.021e+12
5024.5	1.009e+12
5025	9.971e+11
5025.5	9.852e+11
5026	9.734e+11
5026.5	9.616e+11
5027	9.502e+11
5027.5	9.389e+11
5028	9.278e+11
5028.5	9.167e+11
5029	9.059e+11
5029.5	8.95e+11
5030	8.844e+11
5030.5	8.74e+11
5031	8.637e+11
5031.5	8.535e+11
5032	8.435e+11
5032.5	8.335e+11
5033	8.237e+11
5033.5	8.141e+11
5034	8.046e+11
5034.5	7.953e+11
5035	7.86e+11
5035.5	7.767e+11
5036	7.678e+11
5036.5	7.589e+11
5037	7.502e+11
5037.5	7.416e+11
5038	7.33e+11
5038.5	7.245e+11
5039	7.163e+11
5039.5	7.081e+11
5040	7e+11
5040.5	6.921e+11
5041	6.843e+11
5041.5	6.764e+11
5042	6.688e+11
5042.5	6.613e+11
5043	6.539e+11
5043.5	6.466e+11
5044	6.394e+11
5044.5	6.322e+11
5045	6.252e+11
5045.5	6.183e+11
5046	6.114e+11
5046.5	6.047e+11
5047	5.981e+11
5047.5	5.914e+11
5048	5.85e+11
5048.5	5.787e+11
5049	5.724e+11
5049.5	5.662e+11
5050	5.601e+11
5050.5	5.54e+11
5051	5.481e+11
5051.5	5.422e+11
5052	5.365e+11
5052.5	5.308e+11
5053	5.252e+11
5053.5	5.196e+11
5054	5.141e+11
5054.5	5.088e+11
5055	5.035e+11
5055.5	4.982e+11
5056	4.931e+11
5056.5	4.879e+11
5057	4.829e+11
5057.5	4.78e+11
5058	4.731e+11
5058.5	4.683e+11
5059	4.636e+11
5059.5	4.588e+11
5060	4.542e+11
5060.5	4.497e+11
5061	4.452e+11
5061.5	4.408e+11
5062	4.364e+11
5062.5	4.321e+11
5063	4.279e+11
5063.5	4.237e+11
5064	4.196e+11
5064.5	4.155e+11
5065	4.115e+11
5065.5	4.075e+11
5066	4.036e+11
5066.5	3.998e+11
5067	3.96e+11
5067.5	3.923e+11
5068	3.886e+11
5068.5	3.849e+11
5069	3.813e+11
5069.5	3.778e+11
5070	3.743e+11
5070.5	3.709e+11
5071	3.675e+11
5071.5	3.641e+11
5072	3.608e+11
5072.5	3.576e+11
5073	3.544e+11
5073.5	3.512e+11
5074	3.481e+11
5074.5	3.45e+11
5075	3.42e+11
5075.5	3.39e+11
5076	3.36e+11
5076.5	3.331e+11
5077	3.303e+11
5077.5	3.274e+11
5078	3.246e+11
5078.5	3.219e+11
5079	3.192e+11
5079.5	3.165e+11
5080	3.139e+11
5080.5	3.112e+11
5081	3.087e+11
5081.5	3.062e+11
5082	3.037e+11
5082.5	3.012e+11
5083	2.988e+11
5083.5	2.963e+11
5084	2.94e+11
5084.5	2.917e+11
5085	2.894e+11
5085.5	2.871e+11
5086	2.849e+11
5086.5	2.826e+11
5087	2.805e+11
5087.5	2.783e+11
5088	2.762e+11
5088.5	2.741e+11
5089	2.721e+11
5089.5	2.7e+11
5090	2.68e+11
5090.5	2.66e+11
5091	2.641e+11
5091.5	2.622e+11
5092	2.603e+11
5092.5	2.584e+11
5093	2.565e+11
5093.5	2.547e+11
5094	2.529e+11
5094.5	2.512e+11
5095	2.494e+11
5095.5	2.477e+11
5096	2.46e+11
5096.5	2.443e+11
5097	2.426e+11
5097.5	2.41e+11
5098	2.394e+11
5098.5	2.378e+11
5099	2.362e+11
5099.5	2.347e+11
5100	2.331e+11
5100.5	2.316e+11
5101	2.301e+11
5101.5	2.286e+11
5102	2.272e+11
5102.5	2.258e+11
5103	2.243e+11
5103.5	2.23e+11
5104	2.216e+11
5104.5	2.202e+11
5105	2.189e+11
5105.5	2.176e+11
5106	2.162e+11
5106.5	2.15e+11
5107	2.137e+11
5107.5	2.124e+11
5108	2.112e+11
5108.5	2.1e+11
5109	2.088e+11
5109.5	2.076e+11
5110	2.064e+11
5110.5	2.052e+11
5111	2.041e+11
5111.5	2.03e+11
5112	2.019e+11
5112.5	2.008e+11
5113	1.997e+11
5113.5	1.986e+11
5114	1.975e+11
5114.5	1.965e+11
5115	1.955e+11
5115.5	1.945e+11
5116	1.935e+11
5116.5	1.924e+11
5117	1.915e+11
5117.5	1.905e+11
5118	1.896e+11
5118.5	1.886e+11
5119	1.877e+11
5119.5	1.868e+11
5120	1.859e+11
5120.5	1.85e+11
5121	1.841e+11
5121.5	1.832e+11
5122	1.824e+11
5122.5	1.815e+11
5123	1.807e+11
5123.5	1.798e+11
5124	1.79e+11
5124.5	1.782e+11
5125	1.774e+11
5125.5	1.766e+11
5126	1.759e+11
5126.5	1.751e+11
5127	1.743e+11
5127.5	1.736e+11
5128	1.728e+11
5128.5	1.721e+11
5129	1.714e+11
5129.5	1.707e+11
5130	1.7e+11
5130.5	1.693e+11
5131	1.686e+11
5131.5	1.679e+11
5132	1.673e+11
5132.5	1.666e+11
5133	1.66e+11
5133.5	1.653e+11
5134	1.647e+11
5134.5	1.641e+11
5135	1.635e+11
5135.5	1.629e+11
5136	1.623e+11
5136.5	1.617e+11
5137	1.611e+11
5137.5	1.605e+11
5138	1.599e+11
5138.5	1.594e+11
5139	1.588e+11
5139.5	1.583e+11
5140	1.577e+11
5140.5	1.572e+11
5141	1.567e+11
5141.5	1.562e+11
5142	1.557e+11
5142.5	1.551e+11
5143	1.546e+11
5143.5	1.541e+11
5144	1.537e+11
5144.5	1.532e+11
5145	1.527e+11
5145.5	1.522e+11
5146	1.518e+11
5146.5	1.513e+11
5147	1.509e+11
5147.5	1.504e+11
5148	1.5e+11
5148.5	1.496e+11
5149	1.491e+11
5149.5	1.487e+11
5150	1.483e+11
5150.5	1.479e+11
5151	1.475e+11
5151.5	1.471e+11
5152	1.467e+11
5152.5	1.463e+11
5153	1.459e+11
5153.5	1.456e+11
5154	1.452e+11
5154.5	1.448e+11
5155	1.445e+11
5155.5	1.441e+11
5156	1.438e+11
5156.5	1.434e+11
5157	1.431e+11
5157.5	1.427e+11
5158	1.424e+11
5158.5	1.421e+11
5159	1.417e+11
5159.5	1.414e+11
5160	1.411e+11
5160.5	1.408e+11
5161	1.405e+11
5161.5	1.402e+11
5162	1.399e+11
5162.5	1.396e+11
5163	1.393e+11
5163.5	1.39e+11
5164	1.388e+11
5164.5	1.385e+11
5165	1.382e+11
5165.5	1.379e+11
5166	1.377e+11
5166.5	1.374e+11
5167	1.372e+11
5167.5	1.369e+11
5168	1.367e+11
5168.5	1.364e+11
5169	1.362e+11
5169.5	1.359e+11
5170	1.357e+11
5170.5	1.355e+11
5171	1.352e+11
5171.5	1.35e+11
5172	1.348e+11
5172.5	1.346e+11
5173	1.344e+11
5173.5	1.342e+11
5174	1.34e+11
5174.5	1.338e+11
5175	1.336e+11
5175.5	1.334e+11
5176	1.332e+11
5176.5	1.33e+11
5177	1.328e+11
5177.5	1.326e+11
5178	1.324e+11
5178.5	1.322e+11
5179	1.321e+11
5179.5	1.319e+11
5180	1.317e+11
5180.5	1.316e+11
5181	1.314e+11
5181.5	1.312e+11
5182	1.311e+11
5182.5	1.309e+11
5183	1.308e+11
5183.5	1.306e+11
5184	1.305e+11
5184.5	1.303e+11
5185	1.302e+11
5185.5	1.3e+11
5186	1.299e+11
5186.5	1.298e+11
5187	1.297e+11
5187.5	1.295e+11
5188	1.294e+11
5188.5	1.293e+11
5189	1.292e+11
5189.5	1.29e+11
5190	1.289e+11
5190.5	1.288e+11
5191	1.287e+11
5191.5	1.286e+11
5192	1.285e+11
5192.5	1.284e+11
5193	1.283e+11
5193.5	1.282e+11
5194	1.281e+11
5194.5	1.28e+11
5195	1.279e+11
5195.5	1.278e+11
5196	1.277e+11
5196.5	1.276e+11
5197	1.275e+11
5197.5	1.275e+11
5198	1.274e+11
5198.5	1.273e+11
5199	1.272e+11
5199.5	1.272e+11
5200	1.271e+11
5200.5	1.27e+11
5201	1.27e+11
5201.5	1.269e+11
5202	1.269e+11
5202.5	1.268e+11
5203	1.267e+11
5203.5	1.267e+11
5204	1.266e+11
5204.5	1.266e+11
5205	1.266e+11
5205.5	1.265e+11
5206	1.265e+11
5206.5	1.264e+11
5207	1.264e+11
5207.5	1.264e+11
5208	1.263e+11
5208.5	1.263e+11
5209	1.263e+11
5209.5	1.262e+11
5210	1.262e+11
5210.5	1.262e+11
5211	1.262e+11
5211.5	1.262e+11
5212	1.261e+11
5212.5	1.261e+11
5213	1.261e+11
5213.5	1.261e+11
5214	1.261e+11
5214.5	1.261e+11
5215	1.261e+11
5215.5	1.261e+11
5216	1.261e+11
5216.5	1.261e+11
5217	1.262e+11
5217.5	1.262e+11
5218	1.262e+11
5218.5	1.262e+11
5219	1.262e+11
5219.5	1.262e+11
5220	1.263e+11
5220.5	1.263e+11
5221	1.263e+11
5221.5	1.263e+11
5222	1.264e+11
5222.5	1.264e+11
5223	1.265e+11
5223.5	1.265e+11
5224	1.265e+11
5224.5	1.266e+11
5225	1.266e+11
5225.5	1.267e+11
5226	1.267e+11
5226.5	1.268e+11
5227	1.269e+11
5227.5	1.269e+11
5228	1.27e+11
5228.5	1.27e+11
5229	1.271e+11
5229.5	1.272e+11
5230	1.273e+11
5230.5	1.273e+11
5231	1.274e+11
5231.5	1.275e+11
5232	1.276e+11
5232.5	1.277e+11
5233	1.277e+11
5233.5	1.278e+11
5234	1.279e+11
5234.5	1.28e+11
5235	1.281e+11
5235.5	1.282e+11
5236	1.283e+11
5236.5	1.284e+11
5237	1.285e+11
5237.5	1.286e+11
5238	1.288e+11
5238.5	1.289e+11
5239	1.29e+11
5239.5	1.291e+11
5240	1.292e+11
5240.5	1.294e+11
5241	1.295e+11
5241.5	1.296e+11
5242	1.298e+11
5242.5	1.299e+11
5243	1.3e+11
5243.5	1.302e+11
5244	1.303e+11
5244.5	1.305e+11
5245	1.306e+11
5245.5	1.308e+11
5246	1.309e+11
5246.5	1.311e+11
5247	1.312e+11
5247.5	1.314e+11
5248	1.316e+11
5248.5	1.317e+11
5249	1.319e+11
5249.5	1.321e+11
5250	1.323e+11
5250.5	1.325e+11
5251	1.326e+11
5251.5	1.328e+11
5252	1.33e+11
5252.5	1.332e+11
5253	1.334e+11
5253.5	1.336e+11
5254	1.338e+11
5254.5	1.34e+11
5255	1.342e+11
5255.5	1.344e+11
5256	1.346e+11
5256.5	1.348e+11
5257	1.351e+11
5257.5	1.353e+11
5258	1.355e+11
5258.5	1.357e+11
5259	1.36e+11
5259.5	1.362e+11
5260	1.364e+11
5260.5	1.367e+11
5261	1.369e+11
5261.5	1.372e+11
5262	1.374e+11
5262.5	1.377e+11
5263	1.379e+11
5263.5	1.382e+11
5264	1.385e+11
5264.5	1.387e+11
5265	1.39e+11
5265.5	1.393e+11
5266	1.395e+11
5266.5	1.398e+11
5267	1.401e+11
5267.5	1.404e+11
5268	1.407e+11
5268.5	1.41e+11
5269	1.413e+11
5269.5	1.416e+11
5270	1.419e+11
5270.5	1.422e+11
5271	1.425e+11
5271.5	1.428e+11
5272	1.431e+11
5272.5	1.434e+11
5273	1.437e+11
5273.5	1.441e+11
5274	1.444e+11
5274.5	1.447e+11
5275	1.451e+11
5275.5	1.454e+11
5276	1.458e+11
5276.5	1.461e+11
5277	1.465e+11
5277.5	1.468e+11
5278	1.472e+11
5278.5	1.476e+11
5279	1.479e+11
5279.5	1.483e+11
5280	1.487e+11
5280.5	1.491e+11
5281	1.494e+11
5281.5	1.498e+11
5282	1.502e+11
5282.5	1.506e+11
5283	1.51e+11
5283.5	1.514e+11
5284	1.519e+11
5284.5	1.523e+11
5285	1.527e+11
5285.5	1.531e+11
5286	1.536e+11
5286.5	1.54e+11
5287	1.544e+11
5287.5	1.549e+11
5288	1.553e+11
5288.5	1.558e+11
5289	1.562e+11
5289.5	1.567e+11
5290	1.572e+11
5290.5	1.576e+11
5291	1.581e+11
5291.5	1.586e+11
5292	1.591e+11
5292.5	1.596e+11
5293	1.601e+11
5293.5	1.606e+11
5294	1.611e+11
5294.5	1.616e+11
5295	1.621e+11
5295.5	1.627e+11
5296	1.632e+11
5296.5	1.637e+11
5297	1.643e+11
5297.5	1.648e+11
5298	1.654e+11
5298.5	1.659e+11
5299	1.665e+11
5299.5	1.671e+11
5300	1.676e+11
5300.5	1.682e+11
5301	1.688e+11
5301.5	1.694e+11
5302	1.7e+11
5302.5	1.706e+11
5303	1.712e+11
5303.5	1.718e+11
5304	1.725e+11
5304.5	1.731e+11
5305	1.737e+11
5305.5	1.743e+11
5306	1.75e+11
5306.5	1.757e+11
5307	1.763e+11
5307.5	1.77e+11
5308	1.776e+11
5308.5	1.783e+11
5309	1.79e+11
5309.5	1.797e+11
5310	1.804e+11
5310.5	1.811e+11
5311	1.818e+11
5311.5	1.825e+11
5312	1.832e+11
5312.5	1.839e+11
5313	1.847e+11
5313.5	1.854e+11
5314	1.861e+11
5314.5	1.869e+11
5315	1.876e+11
5315.5	1.884e+11
5316	1.892e+11
5316.5	1.899e+11
5317	1.907e+11
5317.5	1.915e+11
5318	1.923e+11
5318.5	1.931e+11
5319	1.939e+11
5319.5	1.947e+11
5320	1.955e+11
5320.5	1.963e+11
5321	1.971e+11
5321.5	1.979e+11
5322	1.988e+11
5322.5	1.996e+11
5323	2.004e+11
5323.5	2.013e+11
5324	2.021e+11
5324.5	2.03e+11
5325	2.039e+11
5325.5	2.047e+11
5326	2.056e+11
5326.5	2.065e+11
5327	2.074e+11
5327.5	2.083e+11
5328	2.092e+11
5328.5	2.1e+11
5329	2.109e+11
5329.5	2.119e+11
5330	2.128e+11
5330.5	2.137e+11
5331	2.146e+11
5331.5	2.155e+11
5332	2.165e+11
5332.5	2.174e+11
5333	2.184e+11
5333.5	2.193e+11
5334	2.203e+11
5334.5	2.212e+11
5335	2.222e+11
5335.5	2.231e+11
5336	2.241e+11
5336.5	2.251e+11
5337	2.261e+11
5337.5	2.27e+11
5338	2.28e+11
5338.5	2.29e+11
5339	2.3e+11
5339.5	2.31e+11
5340	2.32e+11
5340.5	2.33e+11
5341	2.34e+11
5341.5	2.35e+11
5342	2.361e+11
5342.5	2.371e+11
5343	2.381e+11
5343.5	2.391e+11
5344	2.402e+11
5344.5	2.412e+11
5345	2.423e+11
5345.5	2.433e+11
5346	2.444e+11
5346.5	2.454e+11
5347	2.465e+11
5347.5	2.476e+11
5348	2.486e+11
5348.5	2.497e+11
5349	2.508e+11
5349.5	2.519e+11
5350	2.53e+11
5350.5	2.541e+11
5351	2.552e+11
5351.5	2.563e+11
5352	2.574e+11
5352.5	2.585e+11
5353	2.597e+11
5353.5	2.608e+11
5354	2.62e+11
5354.5	2.631e+11
5355	2.643e+11
5355.5	2.654e+11
5356	2.666e+11
5356.5	2.678e+11
5357	2.69e+11
5357.5	2.702e+11
5358	2.714e+11
5358.5	2.726e+11
5359	2.739e+11
5359.5	2.751e+11
5360	2.764e+11
5360.5	2.776e+11
5361	2.789e+11
5361.5	2.802e+11
5362	2.814e+11
5362.5	2.828e+11
5363	2.841e+11
5363.5	2.854e+11
5364	2.867e+11
5364.5	2.881e+11
5365	2.894e+11
5365.5	2.908e+11
5366	2.922e+11
5366.5	2.936e+11
5367	2.95e+11
5367.5	2.965e+11
5368	2.979e+11
5368.5	2.994e+11
5369	3.009e+11
5369.5	3.024e+11
5370	3.039e+11
5370.5	3.054e+11
5371	3.07e+11
5371.5	3.086e+11
5372	3.102e+11
5372.5	3.118e+11
5373	3.134e+11
5373.5	3.15e+11
5374	3.167e+11
5374.5	3.184e+11
5375	3.201e+11
5375.5	3.219e+11
5376	3.236e+11
5376.5	3.254e+11
5377	3.272e+11
5377.5	3.29e+11
5378	3.308e+11
5378.5	3.327e+11
5379	3.346e+11
5379.5	3.365e+11
5380	3.385e+11
5380.5	3.404e+11
5381	3.424e+11
5381.5	3.444e+11
5382	3.464e+11
5382.5	3.485e+11
5383	3.506e+11
5383.5	3.528e+11
5384	3.549e+11
5384.5	3.571e+11
5385	3.593e+11
5385.5	3.615e+11
5386	3.638e+11
5386.5	3.661e+11
5387	3.684e+11
5387.5	3.707e+11
5388	3.731e+11
5388.5	3.755e+11
5389	3.779e+11
5389.5	3.804e+11
5390	3.829e+11
5390.5	3.854e+11
5391	3.879e+11
5391.5	3.905e+11
5392	3.931e+11
5392.5	3.958e+11
5393	3.984e+11
5393.5	4.011e+11
5394	4.038e+11
5394.5	4.066e+11
5395	4.094e+11
5395.5	4.123e+11
5396	4.151e+11
5396.5	4.18e+11
5397	4.209e+11
5397.5	4.239e+11
5398	4.268e+11
5398.5	4.299e+11
5399	4.329e+11
5399.5	4.359e+11
5400	4.39e+11
5400.5	4.422e+11
5401	4.454e+11
5401.5	4.486e+11
5402	4.518e+11
5402.5	4.55e+11
5403	4.583e+11
5403.5	4.616e+11
5404	4.65e+11
5404.5	4.684e+11
5405	4.718e+11
5405.5	4.752e+11
5406	4.786e+11
5406.5	4.822e+11
5407	4.857e+11
5407.5	4.893e+11
5408	4.928e+11
5408.5	4.964e+11
5409	5.001e+11
5409.5	5.038e+11
5410	5.075e+11
5410.5	5.112e+11
5411	5.15e+11
5411.5	5.188e+11
5412	5.226e+11
5412.5	5.265e+11
5413	5.303e+11
5413.5	5.342e+11
5414	5.382e+11
5414.5	5.421e+11
5415	5.461e+11
5415.5	5.502e+11
5416	5.542e+11
5416.5	5.583e+11
5417	5.624e+11
5417.5	5.665e+11
5418	5.707e+11
5418.5	5.749e+11
5419	5.791e+11
5419.5	5.833e+11
5420	5.876e+11
5420.5	5.919e+11
5421	5.963e+11
5421.5	6.006e+11
5422	6.05e+11
5422.5	6.094e+11
5423	6.139e+11
5423.5	6.183e+11
5424	6.229e+11
5424.5	6.274e+11
5425	6.319e+11
5425.5	6.365e+11
5426	6.411e+11
5426.5	6.457e+11
5427	6.505e+11
5427.5	6.552e+11
5428	6.599e+11
5428.5	6.646e+11
5429	6.694e+11
5429.5	6.742e+11
5430	6.791e+11
5430.5	6.84e+11
5431	6.889e+11
5431.5	6.938e+11
5432	6.987e+11
5432.5	7.037e+11
5433	7.088e+11
5433.5	7.138e+11
5434	7.189e+11
5434.5	7.24e+11
5435	7.291e+11
5435.5	7.343e+11
5436	7.395e+11
5436.5	7.447e+11
5437	7.5e+11
5437.5	7.553e+11
5438	7.606e+11
5438.5	7.659e+11
5439	7.713e+11
5439.5	7.767e+11
5440	7.822e+11
5440.5	7.876e+11
5441	7.931e+11
5441.5	7.987e+11
5442	8.042e+11
5442.5	8.098e+11
5443	8.154e+11
5443.5	8.21e+11
5444	8.267e+11
5444.5	8.325e+11
5445	8.382e+11
5445.5	8.439e+11
5446	8.497e+11
5446.5	8.555e+11
5447	8.613e+11
5447.5	8.673e+11
5448	8.732e+11
5448.5	8.791e+11
5449	8.851e+11
5449.5	8.91e+11
5450	8.97e+11
5450.5	9.032e+11
5451	9.092e+11
5451.5	9.153e+11
5452	9.214e+11
5452.5	9.275e+11
5453	9.337e+11
5453.5	9.4e+11
5454	9.462e+11
5454.5	9.524e+11
5455	9.587e+11
5455.5	9.65e+11
5456	9.713e+11
5456.5	9.777e+11
5457	9.841e+11
5457.5	9.905e+11
5458	9.969e+11
5458.5	1.003e+12
5459	1.01e+12
5459.5	1.016e+12
5460	1.023e+12
5460.5	1.029e+12
5461	1.036e+12
5461.5	1.042e+12
5462	1.049e+12
5462.5	1.056e+12
5463	1.062e+12
5463.5	1.069e+12
5464	1.076e+12
5464.5	1.082e+12
5465	1.089e+12
5465.5	1.096e+12
5466	1.102e+12
5466.5	1.109e+12
5467	1.116e+12
5467.5	1.123e+12
5468	1.13e+12
5468.5	1.136e+12
5469	1.143e+12
5469.5	1.15e+12
5470	1.157e+12
5470.5	1.164e+12
5471	1.171e+12
5471.5	1.178e+12
5472	1.185e+12
5472.5	1.191e+12
5473	1.198e+12
5473.5	1.205e+12
5474	1.212e+12
5474.5	1.219e+12
5475	1.226e+12
5475.5	1.233e+12
5476	1.24e+12
5476.5	1.248e+12
5477	1.255e+12
5477.5	1.262e+12
5478	1.269e+12
5478.5	1.276e+12
5479	1.283e+12
5479.5	1.29e+12
5480	1.298e+12
5480.5	1.305e+12
5481	1.312e+12
5481.5	1.319e+12
5482	1.327e+12
5482.5	1.334e+12
5483	1.341e+12
5483.5	1.349e+12
5484	1.356e+12
5484.5	1.364e+12
5485	1.371e+12
5485.5	1.378e+12
5486	1.386e+12
5486.5	1.394e+12
5487	1.401e+12
5487.5	1.409e+12
5488	1.416e+12
5488.5	1.424e+12
5489	1.432e+12
5489.5	1.44e+12
5490	1.448e+12
5490.5	1.455e+12
5491	1.463e+12
5491.5	1.471e+12
5492	1.479e+12
5492.5	1.487e+12
5493	1.496e+12
5493.5	1.504e+12
5494	1.512e+12
5494.5	1.52e+12
5495	1.529e+12
5495.5	1.537e+12
5496	1.546e+12
5496.5	1.554e+12
5497	1.563e+12
5497.5	1.572e+12
5498	1.58e+12
5498.5	1.589e+12
5499	1.598e+12
5499.5	1.607e+12
5500	1.616e+12
5500.5	1.625e+12
5501	1.635e+12
5501.5	1.644e+12
5502	1.653e+12
5502.5	1.663e+12
5503	1.672e+12
5503.5	1.682e+12
5504	1.692e+12
5504.5	1.701e+12
5505	1.711e+12
5505.5	1.721e+12
5506	1.732e+12
5506.5	1.742e+12
5507	1.752e+12
5507.5	1.763e+12
5508	1.773e+12
5508.5	1.784e+12
5509	1.794e+12
5509.5	1.806e+12
5510	1.816e+12
5510.5	1.827e+12
5511	1.839e+12
5511.5	1.85e+12
5512	1.861e+12
5512.5	1.873e+12
5513	1.884e+12
5513.5	1.896e+12
5514	1.908e+12
5514.5	1.92e+12
5515	1.932e+12
5515.5	1.944e+12
5516	1.956e+12
5516.5	1.969e+12
5517	1.981e+12
5517.5	1.994e+12
5518	2.007e+12
5518.5	2.02e+12
5519	2.032e+12
5519.5	2.045e+12
5520	2.059e+12
5520.5	2.072e+12
5521	2.085e+12
5521.5	2.099e+12
5522	2.112e+12
5522.5	2.126e+12
5523	2.14e+12
5523.5	2.153e+12
5524	2.168e+12
5524.5	2.182e+12
5525	2.196e+12
5525.5	2.21e+12
5526	2.224e+12
5526.5	2.239e+12
5527	2.254e+12
5527.5	2.268e+12
5528	2.283e+12
5528.5	2.298e+12
5529	2.312e+12
5529.5	2.327e+12
5530	2.343e+12
5530.5	2.358e+12
5531	2.373e+12
5531.5	2.388e+12
5532	2.404e+12
5532.5	2.419e+12
5533	2.435e+12
5533.5	2.45e+12
5534	2.466e+12
5534.5	2.481e+12
5535	2.497e+12
5535.5	2.513e+12
5536	2.529e+12
5536.5	2.545e+12
5537	2.561e+12
5537.5	2.577e+12
5538	2.593e+12
5538.5	2.609e+12
5539	2.625e+12
5539.5	2.641e+12
5540	2.657e+12
5540.5	2.674e+12
5541	2.69e+12
5541.5	2.706e+12
5542	2.723e+12
5542.5	2.739e+12
5543	2.755e+12
5543.5	2.772e+12
5544	2.788e+12
5544.5	2.805e+12
5545	2.821e+12
5545.5	2.837e+12
5546	2.854e+12
5546.5	2.87e+12
5547	2.887e+12
5547.5	2.903e+12
5548	2.92e+12
5548.5	2.936e+12
5549	2.953e+12
5549.5	2.969e+12
5550	2.986e+12
5550.5	3.002e+12
5551	3.019e+12
5551.5	3.035e+12
5552	3.052e+12
5552.5	3.068e+12
5553	3.085e+12
5553.5	3.101e+12
5554	3.118e+12
5554.5	3.134e+12
5555	3.15e+12
5555.5	3.167e+12
5556	3.183e+12
5556.5	3.2e+12
5557	3.216e+12
5557.5	3.232e+12
5558	3.249e+12
5558.5	3.265e+12
5559	3.281e+12
5559.5	3.297e+12
5560	3.314e+12
5560.5	3.33e+12
5561	3.346e+12
5561.5	3.362e+12
5562	3.379e+12
5562.5	3.395e+12
5563	3.411e+12
5563.5	3.427e+12
5564	3.443e+12
5564.5	3.459e+12
5565	3.475e+12
5565.5	3.491e+12
5566	3.508e+12
5566.5	3.524e+12
5567	3.54e+12
5567.5	3.555e+12
5568	3.572e+12
5568.5	3.588e+12
5569	3.604e+12
5569.5	3.62e+12
5570	3.636e+12
5570.5	3.651e+12
5571	3.668e+12
5571.5	3.684e+12
5572	3.699e+12
5572.5	3.715e+12
5573	3.731e+12
5573.5	3.747e+12
5574	3.763e+12
5574.5	3.779e+12
5575	3.795e+12
5575.5	3.811e+12
5576	3.827e+12
5576.5	3.842e+12
5577	3.859e+12
5577.5	3.875e+12
5578	3.89e+12
5578.5	3.906e+12
5579	3.922e+12
5579.5	3.938e+12
5580	3.954e+12
5580.5	3.97e+12
5581	3.986e+12
5581.5	4.002e+12
5582	4.017e+12
5582.5	4.034e+12
5583	4.05e+12
5583.5	4.066e+12
5584	4.081e+12
5584.5	4.097e+12
5585	4.113e+12
5585.5	4.129e+12
5586	4.145e+12
5586.5	4.161e+12
5587	4.177e+12
5587.5	4.193e+12
5588	4.209e+12
5588.5	4.225e+12
5589	4.241e+12
5589.5	4.258e+12
5590	4.274e+12
5590.5	4.29e+12
5591	4.305e+12
5591.5	4.322e+12
5592	4.338e+12
5592.5	4.354e+12
5593	4.37e+12
5593.5	4.386e+12
5594	4.402e+12
5594.5	4.419e+12
5595	4.435e+12
5595.5	4.451e+12
5596	4.468e+12
5596.5	4.484e+12
5597	4.5e+12
5597.5	4.517e+12
5598	4.533e+12
5598.5	4.549e+12
5599	4.566e+12
5599.5	4.582e+12
5600	4.598e+12
5600.5	4.615e+12
5601	4.632e+12
5601.5	4.649e+12
5602	4.665e+12
5602.5	4.682e+12
5603	4.698e+12
5603.5	4.715e+12
5604	4.732e+12
5604.5	4.749e+12
5605	4.766e+12
5605.5	4.783e+12
5606	4.8e+12
5606.5	4.817e+12
5607	4.834e+12
5607.5	4.851e+12
5608	4.868e+12
5608.5	4.885e+12
5609	4.903e+12
5609.5	4.92e+12
5610	4.938e+12
5610.5	4.955e+12
5611	4.973e+12
5611.5	4.99e+12
5612	5.008e+12
5612.5	5.026e+12
5613	5.043e+12
5613.5	5.061e+12
5614	5.079e+12
5614.5	5.097e+12
5615	5.115e+12
5615.5	5.133e+12
5616	5.152e+12
5616.5	5.17e+12
5617	5.188e+12
5617.5	5.206e+12
5618	5.225e+12
5618.5	5.244e+12
5619	5.262e+12
5619.5	5.281e+12
5620	5.3e+12
5620.5	5.318e+12
5621	5.338e+12
5621.5	5.357e+12
5622	5.376e+12
5622.5	5.395e+12
5623	5.414e+12
5623.5	5.433e+12
5624	5.453e+12
5624.5	5.472e+12
5625	5.491e+12
5625.5	5.511e+12
5626	5.53e+12
5626.5	5.55e+12
5627	5.57e+12
5627.5	5.59e+12
5628	5.609e+12
5628.5	5.629e+12
5629	5.649e+12
5629.5	5.669e+12
5630	5.689e+12
5630.5	5.709e+12
5631	5.729e+12
5631.5	5.749e+12
5632	5.769e+12
5632.5	5.79e+12
5633	5.81e+12
5633.5	5.83e+12
5634	5.85e+12
5634.5	5.871e+12
5635	5.891e+12
5635.5	5.911e+12
5636	5.931e+12
5636.5	5.952e+12
5637	5.972e+12
5637.5	5.992e+12
5638	6.012e+12
5638.5	6.032e+12
5639	6.052e+12
5639.5	6.072e+12
5640	6.092e+12
5640.5	6.112e+12
5641	6.132e+12
5641.5	6.152e+12
5642	6.172e+12
5642.5	6.191e+12
5643	6.211e+12
5643.5	6.23e+12
5644	6.25e+12
5644.5	6.269e+12
5645	6.288e+12
5645.5	6.307e+12
5646	6.326e+12
5646.5	6.345e+12
5647	6.364e+12
5647.5	6.383e+12
5648	6.401e+12
5648.5	6.419e+12
5649	6.437e+12
5649.5	6.455e+12
5650	6.473e+12
5650.5	6.491e+12
5651	6.508e+12
5651.5	6.525e+12
5652	6.542e+12
5652.5	6.558e+12
5653	6.575e+12
5653.5	6.592e+12
5654	6.608e+12
5654.5	6.624e+12
5655	6.639e+12
5655.5	6.655e+12
5656	6.67e+12
5656.5	6.685e+12
5657	6.7e+12
5657.5	6.714e+12
5658	6.729e+12
5658.5	6.743e+12
5659	6.757e+12
5659.5	6.771e+12
5660	6.784e+12
5660.5	6.797e+12
5661	6.809e+12
5661.5	6.822e+12
5662	6.835e+12
5662.5	6.847e+12
5663	6.858e+12
5663.5	6.87e+12
5664	6.881e+12
5664.5	6.892e+12
5665	6.903e+12
5665.5	6.914e+12
5666	6.924e+12
5666.5	6.934e+12
5667	6.943e+12
5667.5	6.953e+12
5668	6.962e+12
5668.5	6.971e+12
5669	6.98e+12
5669.5	6.988e+12
5670	6.997e+12
5670.5	7.005e+12
5671	7.013e+12
5671.5	7.021e+12
5672	7.028e+12
5672.5	7.035e+12
5673	7.042e+12
5673.5	7.048e+12
5674	7.055e+12
5674.5	7.062e+12
5675	7.067e+12
5675.5	7.073e+12
5676	7.079e+12
5676.5	7.085e+12
5677	7.09e+12
5677.5	7.096e+12
5678	7.1e+12
5678.5	7.105e+12
5679	7.11e+12
5679.5	7.115e+12
5680	7.119e+12
5680.5	7.123e+12
5681	7.127e+12
5681.5	7.131e+12
5682	7.135e+12
5682.5	7.139e+12
5683	7.143e+12
5683.5	7.146e+12
5684	7.149e+12
5684.5	7.152e+12
5685	7.156e+12
5685.5	7.159e+12
5686	7.162e+12
5686.5	7.164e+12
5687	7.167e+12
5687.5	7.17e+12
5688	7.173e+12
5688.5	7.175e+12
5689	7.178e+12
5689.5	7.18e+12
5690	7.182e+12
5690.5	7.185e+12
5691	7.187e+12
5691.5	7.189e+12
5692	7.191e+12
5692.5	7.193e+12
5693	7.195e+12
5693.5	7.197e+12
5694	7.199e+12
5694.5	7.201e+12
5695	7.203e+12
5695.5	7.205e+12
5696	7.207e+12
5696.5	7.208e+12
5697	7.21e+12
5697.5	7.212e+12
5698	7.214e+12
5698.5	7.215e+12
5699	7.217e+12
5699.5	7.219e+12
5700	7.22e+12
5700.5	7.222e+12
5701	7.224e+12
5701.5	7.225e+12
5702	7.227e+12
5702.5	7.228e+12
5703	7.23e+12
5703.5	7.232e+12
5704	7.233e+12
5704.5	7.234e+12
5705	7.236e+12
5705.5	7.237e+12
5706	7.239e+12
5706.5	7.24e+12
5707	7.242e+12
5707.5	7.243e+12
5708	7.244e+12
5708.5	7.245e+12
5709	7.247e+12
5709.5	7.248e+12
5710	7.249e+12
5710.5	7.25e+12
5711	7.251e+12
5711.5	7.252e+12
5712	7.254e+12
5712.5	7.255e+12
5713	7.256e+12
5713.5	7.257e+12
5714	7.258e+12
5714.5	7.258e+12
5715	7.26e+12
5715.5	7.26e+12
5716	7.261e+12
5716.5	7.261e+12
5717	7.262e+12
5717.5	7.262e+12
5718	7.263e+12
5718.5	7.264e+12
5719	7.264e+12
5719.5	7.264e+12
5720	7.264e+12
5720.5	7.264e+12
5721	7.265e+12
5721.5	7.265e+12
5722	7.265e+12
5722.5	7.264e+12
5723	7.264e+12
5723.5	7.264e+12
5724	7.264e+12
5724.5	7.264e+12
5725	7.263e+12
5725.5	7.262e+12
5726	7.261e+12
5726.5	7.261e+12
5727	7.26e+12
5727.5	7.259e+12
5728	7.258e+12
5728.5	7.257e+12
5729	7.256e+12
5729.5	7.255e+12
5730	7.254e+12
5730.5	7.252e+12
5731	7.251e+12
5731.5	7.249e+12
5732	7.247e+12
5732.5	7.246e+12
5733	7.245e+12
5733.5	7.243e+12
5734	7.241e+12
5734.5	7.238e+12
5735	7.236e+12
5735.5	7.235e+12
5736	7.233e+12
5736.5	7.231e+12
5737	7.228e+12
5737.5	7.226e+12
5738	7.223e+12
5738.5	7.221e+12
5739	7.219e+12
5739.5	7.216e+12
5740	7.214e+12
5740.5	7.211e+12
5741	7.208e+12
5741.5	7.206e+12
5742	7.204e+12
5742.5	7.201e+12
5743	7.198e+12
5743.5	7.195e+12
5744	7.192e+12
5744.5	7.19e+12
5745	7.187e+12
5745.5	7.184e+12
5746	7.182e+12
5746.5	7.178e+12
5747	7.175e+12
5747.5	7.173e+12
5748	7.17e+12
5748.5	7.168e+12
5749	7.165e+12
5749.5	7.162e+12
5750	7.159e+12
5750.5	7.157e+12
5751	7.154e+12
5751.5	7.151e+12
5752	7.148e+12
5752.5	7.145e+12
5753	7.143e+12
5753.5	7.141e+12
5754	7.138e+12
5754.5	7.136e+12
5755	7.133e+12
5755.5	7.13e+12
5756	7.128e+12
5756.5	7.126e+12
5757	7.123e+12
5757.5	7.121e+12
5758	7.119e+12
5758.5	7.116e+12
5759	7.114e+12
5759.5	7.112e+12
5760	7.11e+12
5760.5	7.108e+12
5761	7.106e+12
5761.5	7.104e+12
5762	7.102e+12
5762.5	7.101e+12
5763	7.099e+12
5763.5	7.097e+12
5764	7.095e+12
5764.5	7.093e+12
5765	7.092e+12
5765.5	7.091e+12
5766	7.089e+12
5766.5	7.088e+12
5767	7.086e+12
5767.5	7.085e+12
5768	7.084e+12
5768.5	7.083e+12
5769	7.082e+12
5769.5	7.08e+12
5770	7.079e+12
5770.5	7.078e+12
5771	7.078e+12
5771.5	7.077e+12
5772	7.076e+12
5772.5	7.075e+12
5773	7.075e+12
5773.5	7.074e+12
5774	7.074e+12
5774.5	7.073e+12
5775	7.073e+12
5775.5	7.072e+12
5776	7.072e+12
5776.5	7.072e+12
5777	7.072e+12
5777.5	7.072e+12
5778	7.072e+12
5778.5	7.072e+12
5779	7.072e+12
5779.5	7.072e+12
5780	7.072e+12
5780.5	7.073e+12
5781	7.073e+12
5781.5	7.074e+12
5782	7.074e+12
5782.5	7.075e+12
5783	7.075e+12
5783.5	7.076e+12
5784	7.077e+12
5784.5	7.077e+12
5785	7.078e+12
5785.5	7.079e+12
5786	7.08e+12
5786.5	7.081e+12
5787	7.082e+12
5787.5	7.083e+12
5788	7.084e+12
5788.5	7.085e+12
5789	7.087e+12
5789.5	7.088e+12
5790	7.089e+12
5790.5	7.091e+12
5791	7.092e+12
5791.5	7.093e+12
5792	7.095e+12
5792.5	7.096e+12
5793	7.098e+12
5793.5	7.099e+12
5794	7.101e+12
5794.5	7.102e+12
5795	7.104e+12
5795.5	7.106e+12
5796	7.107e+12
5796.5	7.109e+12
5797	7.11e+12
5797.5	7.112e+12
5798	7.114e+12
5798.5	7.115e+12
5799	7.117e+12
5799.5	7.119e+12
5800	7.12e+12
5800.5	7.122e+12
5801	7.123e+12
5801.5	7.125e+12
5802	7.126e+12
5802.5	7.128e+12
5803	7.129e+12
5803.5	7.131e+12
5804	7.132e+12
5804.5	7.133e+12
5805	7.135e+12
5805.5	7.136e+12
5806	7.137e+12
5806.5	7.138e+12
5807	7.139e+12
5807.5	7.141e+12
5808	7.142e+12
5808.5	7.142e+12
5809	7.143e+12
5809.5	7.144e+12
5810	7.145e+12
5810.5	7.146e+12
5811	7.146e+12
5811.5	7.147e+12
5812	7.147e+12
5812.5	7.148e+12
5813	7.148e+12
5813.5	7.149e+12
5814	7.149e+12
5814.5	7.149e+12
5815	7.149e+12
5815.5	7.15e+12
5816	7.15e+12
5816.5	7.15e+12
5817	7.15e+12
5817.5	7.15e+12
5818	7.149e+12
5818.5	7.149e+12
5819	7.149e+12
5819.5	7.149e+12
5820	7.149e+12
5820.5	7.149e+12
5821	7.148e+12
5821.5	7.148e+12
5822	7.147e+12
5822.5	7.147e+12
5823	7.146e+12
5823.5	7.146e+12
5824	7.145e+12
5824.5	7.145e+12
5825	7.144e+12
5825.5	7.144e+12
5826	7.143e+12
5826.5	7.143e+12
5827	7.142e+12
5827.5	7.141e+12
5828	7.141e+12
5828.5	7.14e+12
5829	7.14e+12
5829.5	7.14e+12
5830	7.139e+12
5830.5	7.138e+12
5831	7.138e+12
5831.5	7.137e+12
5832	7.137e+12
5832.5	7.137e+12
5833	7.136e+12
5833.5	7.136e+12
5834	7.135e+12
5834.5	7.135e+12
5835	7.135e+12
5835.5	7.135e+12
5836	7.134e+12
5836.5	7.134e+12
5837	7.134e+12
5837.5	7.134e+12
5838	7.134e+12
5838.5	7.134e+12
5839	7.134e+12
5839.5	7.134e+12
5840	7.134e+12
5840.5	7.134e+12
5841	7.134e+12
5841.5	7.135e+12
5842	7.135e+12
5842.5	7.135e+12
5843	7.136e+12
5843.5	7.136e+12
5844	7.137e+12
5844.5	7.137e+12
5845	7.137e+12
5845.5	7.138e+12
5846	7.138e+12
5846.5	7.138e+12
5847	7.139e+12
5847.5	7.14e+12
5848	7.14e+12
5848.5	7.141e+12
5849	7.141e+12
5849.5	7.142e+12
5850	7.143e+12
5850.5	7.143e+12
5851	7.143e+12
5851.5	7.144e+12
5852	7.144e+12
5852.5	7.145e+12
5853	7.146e+12
5853.5	7.147e+12
5854	7.147e+12
5854.5	7.147e+12
5855	7.148e+12
5855.5	7.148e+12
5856	7.149e+12
5856.5	7.15e+12
5857	7.15e+12
5857.5	7.15e+12
5858	7.151e+12
5858.5	7.151e+12
5859	7.152e+12
5859.5	7.152e+12
5860	7.152e+12
5860.5	7.153e+12
5861	7.153e+12
5861.5	7.154e+12
5862	7.154e+12
5862.5	7.155e+12
5863	7.155e+12
5863.5	7.155e+12
5864	7.155e+12
5864.5	7.155e+12
5865	7.156e+12
5865.5	7.156e+12
5866	7.156e+12
5866.5	7.156e+12
5867	7.157e+12
5867.5	7.157e+12
5868	7.157e+12
5868.5	7.158e+12
5869	7.157e+12
5869.5	7.157e+12
5870	7.158e+12
5870.5	7.158e+12
5871	7.158e+12
5871.5	7.158e+12
5872	7.158e+12
5872.5	7.158e+12
5873	7.158e+12
5873.5	7.159e+12
5874	7.159e+12
5874.5	7.159e+12
5875	7.159e+12
5875.5	7.159e+12
5876	7.159e+12
5876.5	7.16e+12
5877	7.16e+12
5877.5	7.16e+12
5878	7.16e+12
5878.5	7.16e+12
5879	7.16e+12
5879.5	7.161e+12
5880	7.161e+12
5880.5	7.161e+12
5881	7.161e+12
5881.5	7.161e+12
5882	7.161e+12
5882.5	7.162e+12
5883	7.162e+12
5883.5	7.162e+12
5884	7.162e+12
5884.5	7.163e+12
5885	7.163e+12
5885.5	7.163e+12
5886	7.164e+12
5886.5	7.164e+12
5887	7.164e+12
5887.5	7.164e+12
5888	7.164e+12
5888.5	7.165e+12
5889	7.165e+12
5889.5	7.166e+12
5890	7.166e+12
5890.5	7.166e+12
5891	7.167e+12
5891.5	7.167e+12
5892	7.167e+12
5892.5	7.168e+12
5893	7.167e+12
5893.5	7.168e+12
5894	7.169e+12
5894.5	7.169e+12
5895	7.169e+12
5895.5	7.169e+12
5896	7.169e+12
5896.5	7.17e+12
5897	7.17e+12
5897.5	7.171e+12
5898	7.171e+12
5898.5	7.171e+12
5899	7.171e+12
5899.5	7.171e+12
5900	7.172e+12
5900.5	7.172e+12
5901	7.173e+12
5901.5	7.173e+12
5902	7.173e+12
5902.5	7.173e+12
5903	7.174e+12
5903.5	7.174e+12
5904	7.174e+12
5904.5	7.174e+12
5905	7.174e+12
5905.5	7.174e+12
5906	7.175e+12
5906.5	7.175e+12
5907	7.176e+12
5907.5	7.175e+12
5908	7.176e+12
5908.5	7.176e+12
5909	7.176e+12
5909.5	7.177e+12
5910	7.177e+12
5910.5	7.177e+12
5911	7.177e+12
5911.5	7.177e+12
5912	7.178e+12
5912.5	7.178e+12
5913	7.178e+12
5913.5	7.178e+12
5914	7.178e+12
5914.5	7.178e+12
5915	7.179e+12
5915.5	7.179e+12
5916	7.179e+12
5916.5	7.179e+12
5917	7.179e+12
5917.5	7.18e+12
5918	7.18e+12
5918.5	7.181e+12
5919	7.181e+12
5919.5	7.181e+12
5920	7.181e+12
5920.5	7.182e+12
5921	7.182e+12
5921.5	7.182e+12
5922	7.183e+12
5922.5	7.183e+12
5923	7.183e+12
5923.5	7.184e+12
5924	7.184e+12
5924.5	7.184e+12
5925	7.185e+12
5925.5	7.185e+12
5926	7.185e+12
5926.5	7.186e+12
5927	7.186e+12
5927.5	7.186e+12
5928	7.187e+12
5928.5	7.187e+12
5929	7.187e+12
5929.5	7.188e+12
5930	7.188e+12
5930.5	7.188e+12
5931	7.189e+12
5931.5	7.188e+12
5932	7.189e+12
5932.5	7.189e+12
5933	7.19e+12
5933.5	7.19e+12
5934	7.19e+12
5934.5	7.19e+12
5935	7.19e+12
5935.5	7.191e+12
5936	7.191e+12
5936.5	7.191e+12
5937	7.191e+12
5937.5	7.191e+12
5938	7.191e+12
5938.5	7.192e+12
5939	7.192e+12
5939.5	7.192e+12
5940	7.192e+12
5940.5	7.192e+12
5941	7.193e+12
5941.5	7.193e+12
5942	7.193e+12
5942.5	7.193e+12
5943	7.193e+12
5943.5	7.193e+12
5944	7.194e+12
5944.5	7.194e+12
5945	7.194e+12
5945.5	7.194e+12
5946	7.195e+12
5946.5	7.194e+12
5947	7.195e+12
5947.5	7.195e+12
5948	7.195e+12
5948.5	7.196e+12
5949	7.196e+12
5949.5	7.196e+12
5950	7.196e+12
5950.5	7.197e+12
5951	7.197e+12
5951.5	7.197e+12
5952	7.198e+12
5952.5	7.197e+12
5953	7.198e+12
5953.5	7.199e+12
5954	7.199e+12
5954.5	7.199e+12
5955	7.199e+12
5955.5	7.199e+12
5956	7.2e+12
5956.5	7.2e+12
5957	7.201e+12
5957.5	7.201e+12
5958	7.201e+12
5958.5	7.201e+12
5959	7.202e+12
5959.5	7.202e+12
5960	7.202e+12
5960.5	7.203e+12
5961	7.203e+12
5961.5	7.203e+12
5962	7.203e+12
5962.5	7.203e+12
5963	7.204e+12
5963.5	7.204e+12
5964	7.204e+12
5964.5	7.204e+12
5965	7.204e+12
5965.5	7.205e+12
5966	7.205e+12
5966.5	7.205e+12
5967	7.205e+12
5967.5	7.205e+12
5968	7.205e+12
5968.5	7.206e+12
5969	7.206e+12
5969.5	7.206e+12
5970	7.206e+12
5970.5	7.206e+12
5971	7.206e+12
5971.5	7.206e+12
5972	7.207e+12
5972.5	7.207e+12
5973	7.207e+12
5973.5	7.207e+12
5974	7.207e+12
5974.5	7.207e+12
5975	7.207e+12
5975.5	7.208e+12
5976	7.208e+12
5976.5	7.208e+12
5977	7.208e+12
5977.5	7.208e+12
5978	7.209e+12
5978.5	7.209e+12
5979	7.209e+12
5979.5	7.209e+12
5980	7.209e+12
5980.5	7.21e+12
5981	7.21e+12
5981.5	7.21e+12
5982	7.21e+12
5982.5	7.21e+12
5983	7.21e+12
5983.5	7.211e+12
5984	7.211e+12
5984.5	7.211e+12
5985	7.211e+12
5985.5	7.211e+12
5986	7.212e+12
5986.5	7.212e+12
5987	7.212e+12
5987.5	7.212e+12
5988	7.213e+12
5988.5	7.212e+12
5989	7.212e+12
5989.5	7.213e+12
5990	7.213e+12
5990.5	7.213e+12
5991	7.213e+12
5991.5	7.213e+12
5992	7.213e+12
5992.5	7.213e+12
5993	7.214e+12
5993.5	7.214e+12
5994	7.214e+12
5994.5	7.214e+12
5995	7.214e+12
5995.5	7.214e+12
5996	7.214e+12
5996.5	7.215e+12
5997	7.215e+12
5997.5	7.215e+12
5998	7.215e+12
5998.5	7.215e+12
5999	7.215e+12
5999.5	7.216e+12
6000	7.216e+12
