Energy	Plot 1
4000	1.355e+11
4000.5	1.359e+11
4001	1.363e+11
4001.5	1.367e+11
4002	1.371e+11
4002.5	1.374e+11
4003	1.378e+11
4003.5	1.382e+11
4004	1.386e+11
4004.5	1.39e+11
4005	1.394e+11
4005.5	1.398e+11
4006	1.402e+11
4006.5	1.406e+11
4007	1.41e+11
4007.5	1.415e+11
4008	1.419e+11
4008.5	1.423e+11
4009	1.427e+11
4009.5	1.431e+11
4010	1.436e+11
4010.5	1.44e+11
4011	1.444e+11
4011.5	1.448e+11
4012	1.453e+11
4012.5	1.457e+11
4013	1.461e+11
4013.5	1.466e+11
4014	1.47e+11
4014.5	1.475e+11
4015	1.479e+11
4015.5	1.484e+11
4016	1.488e+11
4016.5	1.493e+11
4017	1.497e+11
4017.5	1.502e+11
4018	1.507e+11
4018.5	1.511e+11
4019	1.516e+11
4019.5	1.521e+11
4020	1.525e+11
4020.5	1.53e+11
4021	1.535e+11
4021.5	1.54e+11
4022	1.545e+11
4022.5	1.55e+11
4023	1.555e+11
4023.5	1.559e+11
4024	1.564e+11
4024.5	1.569e+11
4025	1.574e+11
4025.5	1.58e+11
4026	1.585e+11
4026.5	1.59e+11
4027	1.595e+11
4027.5	1.6e+11
4028	1.605e+11
4028.5	1.61e+11
4029	1.616e+11
4029.5	1.621e+11
4030	1.626e+11
4030.5	1.631e+11
4031	1.637e+11
4031.5	1.642e+11
4032	1.648e+11
4032.5	1.653e+11
4033	1.659e+11
4033.5	1.664e+11
4034	1.67e+11
4034.5	1.675e+11
4035	1.681e+11
4035.5	1.687e+11
4036	1.692e+11
4036.5	1.698e+11
4037	1.704e+11
4037.5	1.71e+11
4038	1.715e+11
4038.5	1.721e+11
4039	1.727e+11
4039.5	1.733e+11
4040	1.739e+11
4040.5	1.745e+11
4041	1.751e+11
4041.5	1.757e+11
4042	1.763e+11
4042.5	1.769e+11
4043	1.775e+11
4043.5	1.781e+11
4044	1.787e+11
4044.5	1.794e+11
4045	1.8e+11
4045.5	1.806e+11
4046	1.812e+11
4046.5	1.819e+11
4047	1.825e+11
4047.5	1.831e+11
4048	1.838e+11
4048.5	1.844e+11
4049	1.851e+11
4049.5	1.857e+11
4050	1.864e+11
4050.5	1.87e+11
4051	1.877e+11
4051.5	1.884e+11
4052	1.89e+11
4052.5	1.897e+11
4053	1.904e+11
4053.5	1.911e+11
4054	1.917e+11
4054.5	1.924e+11
4055	1.931e+11
4055.5	1.938e+11
4056	1.945e+11
4056.5	1.952e+11
4057	1.959e+11
4057.5	1.966e+11
4058	1.973e+11
4058.5	1.98e+11
4059	1.987e+11
4059.5	1.994e+11
4060	2.002e+11
4060.5	2.009e+11
4061	2.016e+11
4061.5	2.023e+11
4062	2.031e+11
4062.5	2.038e+11
4063	2.045e+11
4063.5	2.053e+11
4064	2.061e+11
4064.5	2.068e+11
4065	2.075e+11
4065.5	2.083e+11
4066	2.091e+11
4066.5	2.099e+11
4067	2.106e+11
4067.5	2.114e+11
4068	2.122e+11
4068.5	2.129e+11
4069	2.137e+11
4069.5	2.145e+11
4070	2.153e+11
4070.5	2.161e+11
4071	2.169e+11
4071.5	2.177e+11
4072	2.186e+11
4072.5	2.194e+11
4073	2.202e+11
4073.5	2.21e+11
4074	2.219e+11
4074.5	2.227e+11
4075	2.235e+11
4075.5	2.244e+11
4076	2.252e+11
4076.5	2.261e+11
4077	2.269e+11
4077.5	2.278e+11
4078	2.287e+11
4078.5	2.296e+11
4079	2.304e+11
4079.5	2.313e+11
4080	2.322e+11
4080.5	2.331e+11
4081	2.34e+11
4081.5	2.349e+11
4082	2.358e+11
4082.5	2.367e+11
4083	2.376e+11
4083.5	2.385e+11
4084	2.394e+11
4084.5	2.404e+11
4085	2.413e+11
4085.5	2.422e+11
4086	2.431e+11
4086.5	2.441e+11
4087	2.45e+11
4087.5	2.46e+11
4088	2.469e+11
4088.5	2.479e+11
4089	2.488e+11
4089.5	2.498e+11
4090	2.508e+11
4090.5	2.518e+11
4091	2.528e+11
4091.5	2.537e+11
4092	2.547e+11
4092.5	2.557e+11
4093	2.567e+11
4093.5	2.577e+11
4094	2.587e+11
4094.5	2.597e+11
4095	2.607e+11
4095.5	2.618e+11
4096	2.628e+11
4096.5	2.638e+11
4097	2.649e+11
4097.5	2.659e+11
4098	2.669e+11
4098.5	2.68e+11
4099	2.69e+11
4099.5	2.701e+11
4100	2.712e+11
4100.5	2.722e+11
4101	2.733e+11
4101.5	2.744e+11
4102	2.755e+11
4102.5	2.765e+11
4103	2.776e+11
4103.5	2.787e+11
4104	2.798e+11
4104.5	2.809e+11
4105	2.82e+11
4105.5	2.832e+11
4106	2.843e+11
4106.5	2.854e+11
4107	2.865e+11
4107.5	2.876e+11
4108	2.888e+11
4108.5	2.899e+11
4109	2.911e+11
4109.5	2.922e+11
4110	2.934e+11
4110.5	2.946e+11
4111	2.957e+11
4111.5	2.969e+11
4112	2.981e+11
4112.5	2.992e+11
4113	3.004e+11
4113.5	3.016e+11
4114	3.028e+11
4114.5	3.04e+11
4115	3.052e+11
4115.5	3.064e+11
4116	3.076e+11
4116.5	3.089e+11
4117	3.101e+11
4117.5	3.113e+11
4118	3.125e+11
4118.5	3.138e+11
4119	3.15e+11
4119.5	3.163e+11
4120	3.175e+11
4120.5	3.188e+11
4121	3.2e+11
4121.5	3.213e+11
4122	3.225e+11
4122.5	3.238e+11
4123	3.251e+11
4123.5	3.264e+11
4124	3.277e+11
4124.5	3.289e+11
4125	3.302e+11
4125.5	3.316e+11
4126	3.329e+11
4126.5	3.342e+11
4127	3.355e+11
4127.5	3.368e+11
4128	3.381e+11
4128.5	3.395e+11
4129	3.408e+11
4129.5	3.422e+11
4130	3.435e+11
4130.5	3.448e+11
4131	3.462e+11
4131.5	3.476e+11
4132	3.489e+11
4132.5	3.503e+11
4133	3.517e+11
4133.5	3.53e+11
4134	3.545e+11
4134.5	3.558e+11
4135	3.572e+11
4135.5	3.586e+11
4136	3.6e+11
4136.5	3.614e+11
4137	3.629e+11
4137.5	3.643e+11
4138	3.657e+11
4138.5	3.672e+11
4139	3.686e+11
4139.5	3.7e+11
4140	3.715e+11
4140.5	3.729e+11
4141	3.744e+11
4141.5	3.759e+11
4142	3.773e+11
4142.5	3.788e+11
4143	3.803e+11
4143.5	3.818e+11
4144	3.832e+11
4144.5	3.847e+11
4145	3.862e+11
4145.5	3.877e+11
4146	3.892e+11
4146.5	3.908e+11
4147	3.923e+11
4147.5	3.938e+11
4148	3.953e+11
4148.5	3.968e+11
4149	3.984e+11
4149.5	3.999e+11
4150	4.015e+11
4150.5	4.03e+11
4151	4.046e+11
4151.5	4.061e+11
4152	4.077e+11
4152.5	4.093e+11
4153	4.109e+11
4153.5	4.124e+11
4154	4.14e+11
4154.5	4.156e+11
4155	4.172e+11
4155.5	4.188e+11
4156	4.204e+11
4156.5	4.22e+11
4157	4.236e+11
4157.5	4.253e+11
4158	4.269e+11
4158.5	4.285e+11
4159	4.302e+11
4159.5	4.318e+11
4160	4.335e+11
4160.5	4.351e+11
4161	4.368e+11
4161.5	4.385e+11
4162	4.401e+11
4162.5	4.418e+11
4163	4.435e+11
4163.5	4.452e+11
4164	4.469e+11
4164.5	4.486e+11
4165	4.503e+11
4165.5	4.52e+11
4166	4.537e+11
4166.5	4.554e+11
4167	4.571e+11
4167.5	4.589e+11
4168	4.606e+11
4168.5	4.623e+11
4169	4.641e+11
4169.5	4.658e+11
4170	4.676e+11
4170.5	4.693e+11
4171	4.711e+11
4171.5	4.728e+11
4172	4.746e+11
4172.5	4.764e+11
4173	4.782e+11
4173.5	4.8e+11
4174	4.818e+11
4174.5	4.835e+11
4175	4.853e+11
4175.5	4.871e+11
4176	4.89e+11
4176.5	4.908e+11
4177	4.926e+11
4177.5	4.944e+11
4178	4.962e+11
4178.5	4.98e+11
4179	4.999e+11
4179.5	5.017e+11
4180	5.035e+11
4180.5	5.054e+11
4181	5.072e+11
4181.5	5.091e+11
4182	5.109e+11
4182.5	5.128e+11
4183	5.146e+11
4183.5	5.164e+11
4184	5.183e+11
4184.5	5.202e+11
4185	5.22e+11
4185.5	5.239e+11
4186	5.258e+11
4186.5	5.276e+11
4187	5.295e+11
4187.5	5.314e+11
4188	5.333e+11
4188.5	5.351e+11
4189	5.37e+11
4189.5	5.389e+11
4190	5.408e+11
4190.5	5.426e+11
4191	5.445e+11
4191.5	5.464e+11
4192	5.483e+11
4192.5	5.502e+11
4193	5.521e+11
4193.5	5.54e+11
4194	5.559e+11
4194.5	5.578e+11
4195	5.597e+11
4195.5	5.615e+11
4196	5.635e+11
4196.5	5.654e+11
4197	5.673e+11
4197.5	5.692e+11
4198	5.711e+11
4198.5	5.73e+11
4199	5.749e+11
4199.5	5.768e+11
4200	5.787e+11
4200.5	5.806e+11
4201	5.825e+11
4201.5	5.844e+11
4202	5.864e+11
4202.5	5.883e+11
4203	5.902e+11
4203.5	5.921e+11
4204	5.941e+11
4204.5	5.96e+11
4205	5.979e+11
4205.5	5.998e+11
4206	6.018e+11
4206.5	6.037e+11
4207	6.056e+11
4207.5	6.076e+11
4208	6.095e+11
4208.5	6.114e+11
4209	6.133e+11
4209.5	6.152e+11
4210	6.172e+11
4210.5	6.191e+11
4211	6.211e+11
4211.5	6.23e+11
4212	6.249e+11
4212.5	6.268e+11
4213	6.287e+11
4213.5	6.307e+11
4214	6.326e+11
4214.5	6.345e+11
4215	6.365e+11
4215.5	6.384e+11
4216	6.403e+11
4216.5	6.423e+11
4217	6.442e+11
4217.5	6.461e+11
4218	6.48e+11
4218.5	6.499e+11
4219	6.519e+11
4219.5	6.538e+11
4220	6.558e+11
4220.5	6.577e+11
4221	6.596e+11
4221.5	6.615e+11
4222	6.634e+11
4222.5	6.654e+11
4223	6.673e+11
4223.5	6.692e+11
4224	6.712e+11
4224.5	6.731e+11
4225	6.75e+11
4225.5	6.77e+11
4226	6.789e+11
4226.5	6.808e+11
4227	6.827e+11
4227.5	6.847e+11
4228	6.866e+11
4228.5	6.886e+11
4229	6.905e+11
4229.5	6.924e+11
4230	6.943e+11
4230.5	6.962e+11
4231	6.982e+11
4231.5	7.001e+11
4232	7.02e+11
4232.5	7.039e+11
4233	7.058e+11
4233.5	7.077e+11
4234	7.097e+11
4234.5	7.116e+11
4235	7.135e+11
4235.5	7.154e+11
4236	7.173e+11
4236.5	7.192e+11
4237	7.211e+11
4237.5	7.23e+11
4238	7.249e+11
4238.5	7.267e+11
4239	7.286e+11
4239.5	7.305e+11
4240	7.324e+11
4240.5	7.343e+11
4241	7.361e+11
4241.5	7.38e+11
4242	7.399e+11
4242.5	7.417e+11
4243	7.436e+11
4243.5	7.455e+11
4244	7.473e+11
4244.5	7.491e+11
4245	7.509e+11
4245.5	7.528e+11
4246	7.546e+11
4246.5	7.564e+11
4247	7.582e+11
4247.5	7.6e+11
4248	7.618e+11
4248.5	7.636e+11
4249	7.654e+11
4249.5	7.672e+11
4250	7.689e+11
4250.5	7.706e+11
4251	7.724e+11
4251.5	7.741e+11
4252	7.759e+11
4252.5	7.776e+11
4253	7.793e+11
4253.5	7.81e+11
4254	7.827e+11
4254.5	7.844e+11
4255	7.861e+11
4255.5	7.878e+11
4256	7.894e+11
4256.5	7.91e+11
4257	7.927e+11
4257.5	7.943e+11
4258	7.96e+11
4258.5	7.976e+11
4259	7.991e+11
4259.5	8.007e+11
4260	8.023e+11
4260.5	8.039e+11
4261	8.054e+11
4261.5	8.07e+11
4262	8.085e+11
4262.5	8.1e+11
4263	8.115e+11
4263.5	8.131e+11
4264	8.145e+11
4264.5	8.16e+11
4265	8.174e+11
4265.5	8.189e+11
4266	8.203e+11
4266.5	8.218e+11
4267	8.232e+11
4267.5	8.246e+11
4268	8.26e+11
4268.5	8.273e+11
4269	8.287e+11
4269.5	8.301e+11
4270	8.315e+11
4270.5	8.328e+11
4271	8.341e+11
4271.5	8.354e+11
4272	8.367e+11
4272.5	8.38e+11
4273	8.393e+11
4273.5	8.405e+11
4274	8.417e+11
4274.5	8.43e+11
4275	8.442e+11
4275.5	8.454e+11
4276	8.466e+11
4276.5	8.478e+11
4277	8.489e+11
4277.5	8.501e+11
4278	8.513e+11
4278.5	8.524e+11
4279	8.535e+11
4279.5	8.547e+11
4280	8.557e+11
4280.5	8.568e+11
4281	8.579e+11
4281.5	8.59e+11
4282	8.6e+11
4282.5	8.611e+11
4283	8.62e+11
4283.5	8.63e+11
4284	8.641e+11
4284.5	8.651e+11
4285	8.66e+11
4285.5	8.67e+11
4286	8.679e+11
4286.5	8.688e+11
4287	8.698e+11
4287.5	8.707e+11
4288	8.716e+11
4288.5	8.725e+11
4289	8.733e+11
4289.5	8.742e+11
4290	8.751e+11
4290.5	8.759e+11
4291	8.767e+11
4291.5	8.775e+11
4292	8.782e+11
4292.5	8.79e+11
4293	8.798e+11
4293.5	8.806e+11
4294	8.813e+11
4294.5	8.82e+11
4295	8.826e+11
4295.5	8.833e+11
4296	8.84e+11
4296.5	8.847e+11
4297	8.853e+11
4297.5	8.859e+11
4298	8.864e+11
4298.5	8.87e+11
4299	8.876e+11
4299.5	8.881e+11
4300	8.887e+11
4300.5	8.891e+11
4301	8.896e+11
4301.5	8.901e+11
4302	8.905e+11
4302.5	8.91e+11
4303	8.914e+11
4303.5	8.917e+11
4304	8.92e+11
4304.5	8.924e+11
4305	8.927e+11
4305.5	8.93e+11
4306	8.933e+11
4306.5	8.936e+11
4307	8.937e+11
4307.5	8.94e+11
4308	8.942e+11
4308.5	8.944e+11
4309	8.945e+11
4309.5	8.946e+11
4310	8.947e+11
4310.5	8.948e+11
4311	8.949e+11
4311.5	8.949e+11
4312	8.949e+11
4312.5	8.949e+11
4313	8.948e+11
4313.5	8.948e+11
4314	8.947e+11
4314.5	8.946e+11
4315	8.944e+11
4315.5	8.943e+11
4316	8.94e+11
4316.5	8.939e+11
4317	8.937e+11
4317.5	8.934e+11
4318	8.931e+11
4318.5	8.928e+11
4319	8.924e+11
4319.5	8.922e+11
4320	8.918e+11
4320.5	8.914e+11
4321	8.91e+11
4321.5	8.905e+11
4322	8.9e+11
4322.5	8.896e+11
4323	8.891e+11
4323.5	8.886e+11
4324	8.88e+11
4324.5	8.874e+11
4325	8.868e+11
4325.5	8.862e+11
4326	8.856e+11
4326.5	8.849e+11
4327	8.842e+11
4327.5	8.835e+11
4328	8.828e+11
4328.5	8.82e+11
4329	8.812e+11
4329.5	8.805e+11
4330	8.796e+11
4330.5	8.788e+11
4331	8.779e+11
4331.5	8.771e+11
4332	8.762e+11
4332.5	8.752e+11
4333	8.743e+11
4333.5	8.733e+11
4334	8.723e+11
4334.5	8.714e+11
4335	8.703e+11
4335.5	8.693e+11
4336	8.683e+11
4336.5	8.672e+11
4337	8.661e+11
4337.5	8.65e+11
4338	8.639e+11
4338.5	8.627e+11
4339	8.615e+11
4339.5	8.604e+11
4340	8.592e+11
4340.5	8.58e+11
4341	8.567e+11
4341.5	8.555e+11
4342	8.542e+11
4342.5	8.529e+11
4343	8.516e+11
4343.5	8.503e+11
4344	8.49e+11
4344.5	8.477e+11
4345	8.463e+11
4345.5	8.45e+11
4346	8.436e+11
4346.5	8.422e+11
4347	8.408e+11
4347.5	8.394e+11
4348	8.379e+11
4348.5	8.365e+11
4349	8.35e+11
4349.5	8.336e+11
4350	8.321e+11
4350.5	8.306e+11
4351	8.291e+11
4351.5	8.275e+11
4352	8.26e+11
4352.5	8.245e+11
4353	8.229e+11
4353.5	8.214e+11
4354	8.198e+11
4354.5	8.182e+11
4355	8.166e+11
4355.5	8.15e+11
4356	8.134e+11
4356.5	8.117e+11
4357	8.101e+11
4357.5	8.084e+11
4358	8.068e+11
4358.5	8.051e+11
4359	8.034e+11
4359.5	8.018e+11
4360	8.001e+11
4360.5	7.983e+11
4361	7.966e+11
4361.5	7.949e+11
4362	7.932e+11
4362.5	7.915e+11
4363	7.897e+11
4363.5	7.88e+11
4364	7.862e+11
4364.5	7.845e+11
4365	7.827e+11
4365.5	7.81e+11
4366	7.792e+11
4366.5	7.774e+11
4367	7.756e+11
4367.5	7.739e+11
4368	7.721e+11
4368.5	7.703e+11
4369	7.685e+11
4369.5	7.667e+11
4370	7.65e+11
4370.5	7.632e+11
4371	7.614e+11
4371.5	7.596e+11
4372	7.579e+11
4372.5	7.56e+11
4373	7.543e+11
4373.5	7.525e+11
4374	7.508e+11
4374.5	7.49e+11
4375	7.473e+11
4375.5	7.455e+11
4376	7.438e+11
4376.5	7.421e+11
4377	7.403e+11
4377.5	7.386e+11
4378	7.37e+11
4378.5	7.353e+11
4379	7.336e+11
4379.5	7.32e+11
4380	7.303e+11
4380.5	7.287e+11
4381	7.272e+11
4381.5	7.255e+11
4382	7.24e+11
4382.5	7.225e+11
4383	7.21e+11
4383.5	7.195e+11
4384	7.181e+11
4384.5	7.166e+11
4385	7.152e+11
4385.5	7.138e+11
4386	7.125e+11
4386.5	7.111e+11
4387	7.099e+11
4387.5	7.086e+11
4388	7.074e+11
4388.5	7.063e+11
4389	7.051e+11
4389.5	7.04e+11
4390	7.03e+11
4390.5	7.02e+11
4391	7.01e+11
4391.5	7.001e+11
4392	6.993e+11
4392.5	6.985e+11
4393	6.978e+11
4393.5	6.97e+11
4394	6.963e+11
4394.5	6.957e+11
4395	6.952e+11
4395.5	6.948e+11
4396	6.944e+11
4396.5	6.939e+11
4397	6.936e+11
4397.5	6.934e+11
4398	6.932e+11
4398.5	6.932e+11
4399	6.931e+11
4399.5	6.931e+11
4400	6.932e+11
4400.5	6.934e+11
4401	6.936e+11
4401.5	6.94e+11
4402	6.944e+11
4402.5	6.948e+11
4403	6.953e+11
4403.5	6.96e+11
4404	6.967e+11
4404.5	6.975e+11
4405	6.984e+11
4405.5	6.993e+11
4406	7.004e+11
4406.5	7.015e+11
4407	7.027e+11
4407.5	7.041e+11
4408	7.055e+11
4408.5	7.07e+11
4409	7.086e+11
4409.5	7.103e+11
4410	7.121e+11
4410.5	7.141e+11
4411	7.162e+11
4411.5	7.182e+11
4412	7.205e+11
4412.5	7.228e+11
4413	7.253e+11
4413.5	7.28e+11
4414	7.307e+11
4414.5	7.334e+11
4415	7.364e+11
4415.5	7.395e+11
4416	7.427e+11
4416.5	7.461e+11
4417	7.496e+11
4417.5	7.532e+11
4418	7.57e+11
4418.5	7.609e+11
4419	7.65e+11
4419.5	7.693e+11
4420	7.736e+11
4420.5	7.781e+11
4421	7.828e+11
4421.5	7.876e+11
4422	7.928e+11
4422.5	7.98e+11
4423	8.033e+11
4423.5	8.088e+11
4424	8.146e+11
4424.5	8.205e+11
4425	8.267e+11
4425.5	8.33e+11
4426	8.395e+11
4426.5	8.461e+11
4427	8.53e+11
4427.5	8.601e+11
4428	8.675e+11
4428.5	8.75e+11
4429	8.828e+11
4429.5	8.906e+11
4430	8.988e+11
4430.5	9.072e+11
4431	9.16e+11
4431.5	9.249e+11
4432	9.34e+11
4432.5	9.432e+11
4433	9.528e+11
4433.5	9.626e+11
4434	9.729e+11
4434.5	9.833e+11
4435	9.939e+11
4435.5	1.005e+12
4436	1.016e+12
4436.5	1.027e+12
4437	1.039e+12
4437.5	1.051e+12
4438	1.063e+12
4438.5	1.076e+12
4439	1.089e+12
4439.5	1.102e+12
4440	1.115e+12
4440.5	1.129e+12
4441	1.143e+12
4441.5	1.157e+12
4442	1.172e+12
4442.5	1.187e+12
4443	1.202e+12
4443.5	1.218e+12
4444	1.234e+12
4444.5	1.25e+12
4445	1.267e+12
4445.5	1.284e+12
4446	1.301e+12
4446.5	1.319e+12
4447	1.337e+12
4447.5	1.355e+12
4448	1.374e+12
4448.5	1.394e+12
4449	1.413e+12
4449.5	1.433e+12
4450	1.453e+12
4450.5	1.474e+12
4451	1.495e+12
4451.5	1.517e+12
4452	1.539e+12
4452.5	1.561e+12
4453	1.584e+12
4453.5	1.607e+12
4454	1.631e+12
4454.5	1.655e+12
4455	1.68e+12
4455.5	1.705e+12
4456	1.73e+12
4456.5	1.756e+12
4457	1.782e+12
4457.5	1.81e+12
4458	1.837e+12
4458.5	1.865e+12
4459	1.893e+12
4459.5	1.922e+12
4460	1.952e+12
4460.5	1.982e+12
4461	2.013e+12
4461.5	2.044e+12
4462	2.076e+12
4462.5	2.108e+12
4463	2.141e+12
4463.5	2.174e+12
4464	2.208e+12
4464.5	2.243e+12
4465	2.278e+12
4465.5	2.314e+12
4466	2.351e+12
4466.5	2.388e+12
4467	2.426e+12
4467.5	2.464e+12
4468	2.503e+12
4468.5	2.542e+12
4469	2.583e+12
4469.5	2.624e+12
4470	2.666e+12
4470.5	2.708e+12
4471	2.751e+12
4471.5	2.795e+12
4472	2.84e+12
4472.5	2.885e+12
4473	2.931e+12
4473.5	2.978e+12
4474	3.025e+12
4474.5	3.073e+12
4475	3.122e+12
4475.5	3.172e+12
4476	3.222e+12
4476.5	3.273e+12
4477	3.325e+12
4477.5	3.377e+12
4478	3.431e+12
4478.5	3.485e+12
4479	3.54e+12
4479.5	3.595e+12
4480	3.652e+12
4480.5	3.709e+12
4481	3.768e+12
4481.5	3.826e+12
4482	3.886e+12
4482.5	3.946e+12
4483	4.008e+12
4483.5	4.07e+12
4484	4.133e+12
4484.5	4.197e+12
4485	4.262e+12
4485.5	4.327e+12
4486	4.394e+12
4486.5	4.461e+12
4487	4.53e+12
4487.5	4.599e+12
4488	4.67e+12
4488.5	4.741e+12
4489	4.812e+12
4489.5	4.886e+12
4490	4.96e+12
4490.5	5.035e+12
4491	5.112e+12
4491.5	5.189e+12
4492	5.267e+12
4492.5	5.347e+12
4493	5.427e+12
4493.5	5.509e+12
4494	5.591e+12
4494.5	5.675e+12
4495	5.759e+12
4495.5	5.846e+12
4496	5.934e+12
4496.5	6.022e+12
4497	6.112e+12
4497.5	6.203e+12
4498	6.295e+12
4498.5	6.389e+12
4499	6.484e+12
4499.5	6.58e+12
4500	6.677e+12
4500.5	6.776e+12
4501	6.876e+12
4501.5	6.978e+12
4502	7.081e+12
4502.5	7.185e+12
4503	7.291e+12
4503.5	7.398e+12
4504	7.506e+12
4504.5	7.617e+12
4505	7.729e+12
4505.5	7.842e+12
4506	7.956e+12
4506.5	8.072e+12
4507	8.189e+12
4507.5	8.309e+12
4508	8.43e+12
4508.5	8.552e+12
4509	8.675e+12
4509.5	8.8e+12
4510	8.927e+12
4510.5	9.057e+12
4511	9.187e+12
4511.5	9.319e+12
4512	9.452e+12
4512.5	9.587e+12
4513	9.723e+12
4513.5	9.864e+12
4514	1e+13
4514.5	1.015e+13
4515	1.029e+13
4515.5	1.044e+13
4516	1.058e+13
4516.5	1.073e+13
4517	1.088e+13
4517.5	1.104e+13
4518	1.119e+13
4518.5	1.135e+13
4519	1.151e+13
4519.5	1.167e+13
4520	1.183e+13
4520.5	1.2e+13
4521	1.217e+13
4521.5	1.233e+13
4522	1.251e+13
4522.5	1.268e+13
4523	1.286e+13
4523.5	1.303e+13
4524	1.321e+13
4524.5	1.339e+13
4525	1.358e+13
4525.5	1.377e+13
4526	1.396e+13
4526.5	1.415e+13
4527	1.434e+13
4527.5	1.454e+13
4528	1.474e+13
4528.5	1.494e+13
4529	1.514e+13
4529.5	1.535e+13
4530	1.555e+13
4530.5	1.576e+13
4531	1.598e+13
4531.5	1.619e+13
4532	1.641e+13
4532.5	1.663e+13
4533	1.686e+13
4533.5	1.708e+13
4534	1.731e+13
4534.5	1.755e+13
4535	1.778e+13
4535.5	1.802e+13
4536	1.826e+13
4536.5	1.85e+13
4537	1.875e+13
4537.5	1.9e+13
4538	1.925e+13
4538.5	1.95e+13
4539	1.976e+13
4539.5	2.002e+13
4540	2.029e+13
4540.5	2.055e+13
4541	2.083e+13
4541.5	2.11e+13
4542	2.138e+13
4542.5	2.166e+13
4543	2.194e+13
4543.5	2.223e+13
4544	2.252e+13
4544.5	2.282e+13
4545	2.312e+13
4545.5	2.343e+13
4546	2.373e+13
4546.5	2.404e+13
4547	2.436e+13
4547.5	2.468e+13
4548	2.5e+13
4548.5	2.533e+13
4549	2.566e+13
4549.5	2.6e+13
4550	2.634e+13
4550.5	2.669e+13
4551	2.704e+13
4551.5	2.74e+13
4552	2.776e+13
4552.5	2.813e+13
4553	2.85e+13
4553.5	2.887e+13
4554	2.925e+13
4554.5	2.965e+13
4555	3.004e+13
4555.5	3.044e+13
4556	3.084e+13
4556.5	3.125e+13
4557	3.167e+13
4557.5	3.209e+13
4558	3.252e+13
4558.5	3.296e+13
4559	3.34e+13
4559.5	3.384e+13
4560	3.43e+13
4560.5	3.476e+13
4561	3.523e+13
4561.5	3.57e+13
4562	3.618e+13
4562.5	3.667e+13
4563	3.717e+13
4563.5	3.767e+13
4564	3.818e+13
4564.5	3.869e+13
4565	3.922e+13
4565.5	3.974e+13
4566	4.028e+13
4566.5	4.083e+13
4567	4.137e+13
4567.5	4.193e+13
4568	4.249e+13
4568.5	4.306e+13
4569	4.364e+13
4569.5	4.422e+13
4570	4.481e+13
4570.5	4.54e+13
4571	4.6e+13
4571.5	4.66e+13
4572	4.722e+13
4572.5	4.783e+13
4573	4.845e+13
4573.5	4.907e+13
4574	4.97e+13
4574.5	5.033e+13
4575	5.096e+13
4575.5	5.16e+13
4576	5.224e+13
4576.5	5.287e+13
4577	5.351e+13
4577.5	5.415e+13
4578	5.48e+13
4578.5	5.543e+13
4579	5.607e+13
4579.5	5.671e+13
4580	5.734e+13
4580.5	5.797e+13
4581	5.86e+13
4581.5	5.922e+13
4582	5.984e+13
4582.5	6.045e+13
4583	6.105e+13
4583.5	6.165e+13
4584	6.224e+13
4584.5	6.281e+13
4585	6.338e+13
4585.5	6.394e+13
4586	6.449e+13
4586.5	6.503e+13
4587	6.555e+13
4587.5	6.605e+13
4588	6.655e+13
4588.5	6.703e+13
4589	6.749e+13
4589.5	6.794e+13
4590	6.837e+13
4590.5	6.878e+13
4591	6.918e+13
4591.5	6.955e+13
4592	6.991e+13
4592.5	7.025e+13
4593	7.056e+13
4593.5	7.085e+13
4594	7.113e+13
4594.5	7.138e+13
4595	7.161e+13
4595.5	7.181e+13
4596	7.199e+13
4596.5	7.215e+13
4597	7.229e+13
4597.5	7.24e+13
4598	7.248e+13
4598.5	7.255e+13
4599	7.258e+13
4599.5	7.259e+13
4600	7.258e+13
4600.5	7.254e+13
4601	7.248e+13
4601.5	7.239e+13
4602	7.228e+13
4602.5	7.213e+13
4603	7.197e+13
4603.5	7.178e+13
4604	7.156e+13
4604.5	7.132e+13
4605	7.105e+13
4605.5	7.075e+13
4606	7.043e+13
4606.5	7.009e+13
4607	6.972e+13
4607.5	6.932e+13
4608	6.89e+13
4608.5	6.845e+13
4609	6.798e+13
4609.5	6.749e+13
4610	6.697e+13
4610.5	6.643e+13
4611	6.586e+13
4611.5	6.526e+13
4612	6.465e+13
4612.5	6.401e+13
4613	6.335e+13
4613.5	6.267e+13
4614	6.197e+13
4614.5	6.124e+13
4615	6.049e+13
4615.5	5.972e+13
4616	5.894e+13
4616.5	5.813e+13
4617	5.73e+13
4617.5	5.645e+13
4618	5.559e+13
4618.5	5.471e+13
4619	5.381e+13
4619.5	5.29e+13
4620	5.197e+13
4620.5	5.103e+13
4621	5.007e+13
4621.5	4.91e+13
4622	4.812e+13
4622.5	4.713e+13
4623	4.613e+13
4623.5	4.512e+13
4624	4.41e+13
4624.5	4.308e+13
4625	4.206e+13
4625.5	4.102e+13
4626	3.999e+13
4626.5	3.895e+13
4627	3.791e+13
4627.5	3.687e+13
4628	3.584e+13
4628.5	3.481e+13
4629	3.378e+13
4629.5	3.275e+13
4630	3.173e+13
4630.5	3.073e+13
4631	2.973e+13
4631.5	2.874e+13
4632	2.776e+13
4632.5	2.678e+13
4633	2.583e+13
4633.5	2.489e+13
4634	2.397e+13
4634.5	2.306e+13
4635	2.216e+13
4635.5	2.128e+13
4636	2.043e+13
4636.5	1.959e+13
4637	1.877e+13
4637.5	1.797e+13
4638	1.719e+13
4638.5	1.643e+13
4639	1.57e+13
4639.5	1.498e+13
4640	1.429e+13
4640.5	1.362e+13
4641	1.297e+13
4641.5	1.234e+13
4642	1.174e+13
4642.5	1.116e+13
4643	1.06e+13
4643.5	1.006e+13
4644	9.542e+12
4644.5	9.043e+12
4645	8.57e+12
4645.5	8.117e+12
4646	7.685e+12
4646.5	7.273e+12
4647	6.88e+12
4647.5	6.501e+12
4648	6.146e+12
4648.5	5.809e+12
4649	5.489e+12
4649.5	5.186e+12
4650	4.899e+12
4650.5	4.624e+12
4651	4.368e+12
4651.5	4.127e+12
4652	3.899e+12
4652.5	3.685e+12
4653	3.483e+12
4653.5	3.29e+12
4654	3.112e+12
4654.5	2.945e+12
4655	2.789e+12
4655.5	2.642e+12
4656	2.505e+12
4656.5	2.372e+12
4657	2.252e+12
4657.5	2.14e+12
4658	2.035e+12
4658.5	1.937e+12
4659	1.846e+12
4659.5	1.757e+12
4660	1.677e+12
4660.5	1.603e+12
4661	1.534e+12
4661.5	1.469e+12
4662	1.408e+12
4662.5	1.349e+12
4663	1.296e+12
4663.5	1.247e+12
4664	1.201e+12
4664.5	1.158e+12
4665	1.117e+12
4665.5	1.077e+12
4666	1.042e+12
4666.5	1.009e+12
4667	9.775e+11
4667.5	9.481e+11
4668	9.205e+11
4668.5	8.923e+11
4669	8.68e+11
4669.5	8.449e+11
4670	8.231e+11
4670.5	8.023e+11
4671	7.826e+11
4671.5	7.623e+11
4672	7.447e+11
4672.5	7.279e+11
4673	7.118e+11
4673.5	6.965e+11
4674	6.817e+11
4674.5	6.666e+11
4675	6.533e+11
4675.5	6.404e+11
4676	6.28e+11
4676.5	6.161e+11
4677	6.046e+11
4677.5	5.929e+11
4678	5.823e+11
4678.5	5.72e+11
4679	5.621e+11
4679.5	5.525e+11
4680	5.432e+11
4680.5	5.338e+11
4681	5.251e+11
4681.5	5.167e+11
4682	5.085e+11
4682.5	5.005e+11
4683	4.925e+11
4683.5	4.85e+11
4684	4.777e+11
4684.5	4.706e+11
4685	4.637e+11
4685.5	4.57e+11
4686	4.502e+11
4686.5	4.438e+11
4687	4.376e+11
4687.5	4.315e+11
4688	4.256e+11
4688.5	4.198e+11
4689	4.14e+11
4689.5	4.085e+11
4690	4.031e+11
4690.5	3.978e+11
4691	3.927e+11
4691.5	3.877e+11
4692	3.826e+11
4692.5	3.778e+11
4693	3.731e+11
4693.5	3.686e+11
4694	3.64e+11
4694.5	3.596e+11
4695	3.552e+11
4695.5	3.51e+11
4696	3.469e+11
4696.5	3.428e+11
4697	3.389e+11
4697.5	3.35e+11
4698	3.311e+11
4698.5	3.274e+11
4699	3.237e+11
4699.5	3.201e+11
4700	3.166e+11
4700.5	3.132e+11
4701	3.097e+11
4701.5	3.064e+11
4702	3.032e+11
4702.5	3e+11
4703	2.968e+11
4703.5	2.937e+11
4704	2.907e+11
4704.5	2.877e+11
4705	2.848e+11
4705.5	2.819e+11
4706	2.791e+11
4706.5	2.764e+11
4707	2.736e+11
4707.5	2.71e+11
4708	2.683e+11
4708.5	2.658e+11
4709	2.632e+11
4709.5	2.608e+11
4710	2.583e+11
4710.5	2.559e+11
4711	2.535e+11
4711.5	2.512e+11
4712	2.489e+11
4712.5	2.467e+11
4713	2.444e+11
4713.5	2.423e+11
4714	2.401e+11
4714.5	2.38e+11
4715	2.36e+11
4715.5	2.339e+11
4716	2.319e+11
4716.5	2.299e+11
4717	2.28e+11
4717.5	2.261e+11
4718	2.242e+11
4718.5	2.223e+11
4719	2.205e+11
4719.5	2.187e+11
4720	2.169e+11
4720.5	2.152e+11
4721	2.135e+11
4721.5	2.118e+11
4722	2.101e+11
4722.5	2.085e+11
4723	2.069e+11
4723.5	2.053e+11
4724	2.037e+11
4724.5	2.022e+11
4725	2.006e+11
4725.5	1.991e+11
4726	1.976e+11
4726.5	1.962e+11
4727	1.948e+11
4727.5	1.933e+11
4728	1.919e+11
4728.5	1.906e+11
4729	1.892e+11
4729.5	1.879e+11
4730	1.865e+11
4730.5	1.852e+11
4731	1.839e+11
4731.5	1.827e+11
4732	1.814e+11
4732.5	1.802e+11
4733	1.79e+11
4733.5	1.778e+11
4734	1.766e+11
4734.5	1.754e+11
4735	1.743e+11
4735.5	1.731e+11
4736	1.72e+11
4736.5	1.709e+11
4737	1.698e+11
4737.5	1.687e+11
4738	1.677e+11
4738.5	1.666e+11
4739	1.656e+11
4739.5	1.646e+11
4740	1.635e+11
4740.5	1.625e+11
4741	1.616e+11
4741.5	1.606e+11
4742	1.596e+11
4742.5	1.587e+11
4743	1.577e+11
4743.5	1.568e+11
4744	1.559e+11
4744.5	1.55e+11
4745	1.541e+11
4745.5	1.533e+11
4746	1.524e+11
4746.5	1.515e+11
4747	1.507e+11
4747.5	1.498e+11
4748	1.49e+11
4748.5	1.482e+11
4749	1.474e+11
4749.5	1.466e+11
4750	1.458e+11
4750.5	1.45e+11
4751	1.443e+11
4751.5	1.435e+11
4752	1.427e+11
4752.5	1.42e+11
4753	1.413e+11
4753.5	1.406e+11
4754	1.398e+11
4754.5	1.391e+11
4755	1.384e+11
4755.5	1.377e+11
4756	1.371e+11
4756.5	1.364e+11
4757	1.357e+11
4757.5	1.351e+11
4758	1.344e+11
4758.5	1.338e+11
4759	1.331e+11
4759.5	1.325e+11
4760	1.319e+11
4760.5	1.313e+11
4761	1.306e+11
4761.5	1.3e+11
4762	1.295e+11
4762.5	1.289e+11
4763	1.283e+11
4763.5	1.277e+11
4764	1.271e+11
4764.5	1.266e+11
4765	1.26e+11
4765.5	1.255e+11
4766	1.249e+11
4766.5	1.244e+11
4767	1.239e+11
4767.5	1.233e+11
4768	1.228e+11
4768.5	1.223e+11
4769	1.218e+11
4769.5	1.213e+11
4770	1.208e+11
4770.5	1.203e+11
4771	1.198e+11
4771.5	1.193e+11
4772	1.188e+11
4772.5	1.184e+11
4773	1.179e+11
4773.5	1.174e+11
4774	1.17e+11
4774.5	1.165e+11
4775	1.161e+11
4775.5	1.156e+11
4776	1.152e+11
4776.5	1.147e+11
4777	1.143e+11
4777.5	1.139e+11
4778	1.135e+11
4778.5	1.131e+11
4779	1.126e+11
4779.5	1.122e+11
4780	1.118e+11
4780.5	1.114e+11
4781	1.11e+11
4781.5	1.107e+11
4782	1.103e+11
4782.5	1.099e+11
4783	1.095e+11
4783.5	1.091e+11
4784	1.088e+11
4784.5	1.084e+11
4785	1.08e+11
4785.5	1.076e+11
4786	1.073e+11
4786.5	1.069e+11
4787	1.066e+11
4787.5	1.062e+11
4788	1.059e+11
4788.5	1.056e+11
4789	1.052e+11
4789.5	1.049e+11
4790	1.046e+11
4790.5	1.042e+11
4791	1.039e+11
4791.5	1.036e+11
4792	1.033e+11
4792.5	1.03e+11
4793	1.027e+11
4793.5	1.023e+11
4794	1.02e+11
4794.5	1.017e+11
4795	1.014e+11
4795.5	1.011e+11
4796	1.008e+11
4796.5	1.005e+11
4797	1.003e+11
4797.5	9.998e+10
4798	9.969e+10
4798.5	9.942e+10
4799	9.915e+10
4799.5	9.886e+10
4800	9.859e+10
4800.5	9.832e+10
4801	9.806e+10
4801.5	9.78e+10
4802	9.754e+10
4802.5	9.727e+10
4803	9.701e+10
4803.5	9.676e+10
4804	9.651e+10
4804.5	9.627e+10
4805	9.602e+10
4805.5	9.577e+10
4806	9.552e+10
4806.5	9.528e+10
4807	9.505e+10
4807.5	9.482e+10
4808	9.458e+10
4808.5	9.434e+10
4809	9.411e+10
4809.5	9.389e+10
4810	9.367e+10
4810.5	9.344e+10
4811	9.322e+10
4811.5	9.3e+10
4812	9.278e+10
4812.5	9.257e+10
4813	9.236e+10
4813.5	9.215e+10
4814	9.194e+10
4814.5	9.172e+10
4815	9.152e+10
4815.5	9.132e+10
4816	9.112e+10
4816.5	9.092e+10
4817	9.072e+10
4817.5	9.052e+10
4818	9.032e+10
4818.5	9.013e+10
4819	8.995e+10
4819.5	8.976e+10
4820	8.957e+10
4820.5	8.938e+10
4821	8.919e+10
4821.5	8.901e+10
4822	8.884e+10
4822.5	8.866e+10
4823	8.848e+10
4823.5	8.83e+10
4824	8.812e+10
4824.5	8.795e+10
4825	8.778e+10
4825.5	8.761e+10
4826	8.745e+10
4826.5	8.727e+10
4827	8.711e+10
4827.5	8.695e+10
4828	8.679e+10
4828.5	8.663e+10
4829	8.647e+10
4829.5	8.63e+10
4830	8.614e+10
4830.5	8.599e+10
4831	8.584e+10
4831.5	8.569e+10
4832	8.554e+10
4832.5	8.538e+10
4833	8.523e+10
4833.5	8.509e+10
4834	8.494e+10
4834.5	8.48e+10
4835	8.466e+10
4835.5	8.451e+10
4836	8.437e+10
4836.5	8.423e+10
4837	8.409e+10
4837.5	8.396e+10
4838	8.382e+10
4838.5	8.368e+10
4839	8.355e+10
4839.5	8.342e+10
4840	8.329e+10
4840.5	8.316e+10
4841	8.303e+10
4841.5	8.289e+10
4842	8.277e+10
4842.5	8.265e+10
4843	8.252e+10
4843.5	8.24e+10
4844	8.228e+10
4844.5	8.215e+10
4845	8.203e+10
4845.5	8.192e+10
4846	8.18e+10
4846.5	8.168e+10
4847	8.156e+10
4847.5	8.144e+10
4848	8.133e+10
4848.5	8.122e+10
4849	8.111e+10
4849.5	8.1e+10
4850	8.089e+10
4850.5	8.077e+10
4851	8.067e+10
4851.5	8.056e+10
4852	8.046e+10
4852.5	8.035e+10
4853	8.025e+10
4853.5	8.014e+10
4854	8.004e+10
4854.5	7.994e+10
4855	7.984e+10
4855.5	7.974e+10
4856	7.964e+10
4856.5	7.953e+10
4857	7.944e+10
4857.5	7.934e+10
4858	7.925e+10
4858.5	7.915e+10
4859	7.906e+10
4859.5	7.896e+10
4860	7.887e+10
4860.5	7.878e+10
4861	7.869e+10
4861.5	7.86e+10
4862	7.851e+10
4862.5	7.841e+10
4863	7.833e+10
4863.5	7.825e+10
4864	7.816e+10
4864.5	7.807e+10
4865	7.799e+10
4865.5	7.79e+10
4866	7.782e+10
4866.5	7.774e+10
4867	7.766e+10
4867.5	7.757e+10
4868	7.749e+10
4868.5	7.741e+10
4869	7.733e+10
4869.5	7.726e+10
4870	7.718e+10
4870.5	7.71e+10
4871	7.702e+10
4871.5	7.695e+10
4872	7.687e+10
4872.5	7.68e+10
4873	7.672e+10
4873.5	7.665e+10
4874	7.658e+10
4874.5	7.65e+10
4875	7.643e+10
4875.5	7.636e+10
4876	7.629e+10
4876.5	7.622e+10
4877	7.615e+10
4877.5	7.608e+10
4878	7.602e+10
4878.5	7.595e+10
4879	7.588e+10
4879.5	7.582e+10
4880	7.575e+10
4880.5	7.569e+10
4881	7.562e+10
4881.5	7.556e+10
4882	7.55e+10
4882.5	7.543e+10
4883	7.537e+10
4883.5	7.531e+10
4884	7.525e+10
4884.5	7.519e+10
4885	7.513e+10
4885.5	7.507e+10
4886	7.501e+10
4886.5	7.495e+10
4887	7.49e+10
4887.5	7.484e+10
4888	7.478e+10
4888.5	7.473e+10
4889	7.467e+10
4889.5	7.461e+10
4890	7.456e+10
4890.5	7.451e+10
4891	7.445e+10
4891.5	7.44e+10
4892	7.434e+10
4892.5	7.429e+10
4893	7.424e+10
4893.5	7.419e+10
4894	7.414e+10
4894.5	7.409e+10
4895	7.404e+10
4895.5	7.399e+10
4896	7.394e+10
4896.5	7.389e+10
4897	7.384e+10
4897.5	7.379e+10
4898	7.375e+10
4898.5	7.37e+10
4899	7.365e+10
4899.5	7.361e+10
4900	7.356e+10
4900.5	7.352e+10
4901	7.347e+10
4901.5	7.343e+10
4902	7.338e+10
4902.5	7.334e+10
4903	7.33e+10
4903.5	7.325e+10
4904	7.321e+10
4904.5	7.317e+10
4905	7.313e+10
4905.5	7.309e+10
4906	7.304e+10
4906.5	7.3e+10
4907	7.296e+10
4907.5	7.292e+10
4908	7.289e+10
4908.5	7.285e+10
4909	7.281e+10
4909.5	7.277e+10
4910	7.273e+10
4910.5	7.27e+10
4911	7.266e+10
4911.5	7.262e+10
4912	7.259e+10
4912.5	7.255e+10
4913	7.252e+10
4913.5	7.248e+10
4914	7.245e+10
4914.5	7.241e+10
4915	7.238e+10
4915.5	7.235e+10
4916	7.231e+10
4916.5	7.228e+10
4917	7.225e+10
4917.5	7.222e+10
4918	7.218e+10
4918.5	7.216e+10
4919	7.212e+10
4919.5	7.209e+10
4920	7.206e+10
4920.5	7.203e+10
4921	7.2e+10
4921.5	7.198e+10
4922	7.194e+10
4922.5	7.191e+10
4923	7.189e+10
4923.5	7.186e+10
4924	7.183e+10
4924.5	7.181e+10
4925	7.177e+10
4925.5	7.175e+10
4926	7.172e+10
4926.5	7.169e+10
4927	7.167e+10
4927.5	7.165e+10
4928	7.162e+10
4928.5	7.159e+10
4929	7.157e+10
4929.5	7.154e+10
4930	7.152e+10
4930.5	7.15e+10
4931	7.147e+10
4931.5	7.144e+10
4932	7.142e+10
4932.5	7.14e+10
4933	7.137e+10
4933.5	7.136e+10
4934	7.133e+10
4934.5	7.131e+10
4935	7.129e+10
4935.5	7.126e+10
4936	7.124e+10
4936.5	7.122e+10
4937	7.12e+10
4937.5	7.118e+10
4938	7.116e+10
4938.5	7.114e+10
4939	7.112e+10
4939.5	7.11e+10
4940	7.108e+10
4940.5	7.106e+10
4941	7.104e+10
4941.5	7.102e+10
4942	7.101e+10
4942.5	7.099e+10
4943	7.096e+10
4943.5	7.095e+10
4944	7.093e+10
4944.5	7.091e+10
4945	7.09e+10
4945.5	7.088e+10
4946	7.086e+10
4946.5	7.084e+10
4947	7.082e+10
4947.5	7.081e+10
4948	7.08e+10
4948.5	7.078e+10
4949	7.076e+10
4949.5	7.074e+10
4950	7.073e+10
4950.5	7.071e+10
4951	7.07e+10
4951.5	7.069e+10
4952	7.067e+10
4952.5	7.066e+10
4953	7.064e+10
4953.5	7.063e+10
4954	7.062e+10
4954.5	7.06e+10
4955	7.059e+10
4955.5	7.057e+10
4956	7.056e+10
4956.5	7.055e+10
4957	7.054e+10
4957.5	7.053e+10
4958	7.051e+10
4958.5	7.05e+10
4959	7.049e+10
4959.5	7.048e+10
4960	7.047e+10
4960.5	7.046e+10
4961	7.044e+10
4961.5	7.043e+10
4962	7.042e+10
4962.5	7.041e+10
4963	7.041e+10
4963.5	7.04e+10
4964	7.038e+10
4964.5	7.038e+10
4965	7.037e+10
4965.5	7.036e+10
4966	7.035e+10
4966.5	7.034e+10
4967	7.033e+10
4967.5	7.032e+10
4968	7.031e+10
4968.5	7.031e+10
4969	7.03e+10
4969.5	7.03e+10
4970	7.028e+10
4970.5	7.028e+10
4971	7.027e+10
4971.5	7.027e+10
4972	7.026e+10
4972.5	7.026e+10
4973	7.024e+10
4973.5	7.024e+10
4974	7.023e+10
4974.5	7.023e+10
4975	7.023e+10
4975.5	7.022e+10
4976	7.021e+10
4976.5	7.02e+10
4977	7.02e+10
4977.5	7.02e+10
4978	7.019e+10
4978.5	7.019e+10
4979	7.018e+10
4979.5	7.018e+10
4980	7.017e+10
4980.5	7.017e+10
4981	7.017e+10
4981.5	7.017e+10
4982	7.016e+10
4982.5	7.016e+10
4983	7.015e+10
4983.5	7.015e+10
4984	7.015e+10
4984.5	7.015e+10
4985	7.014e+10
4985.5	7.014e+10
4986	7.014e+10
4986.5	7.014e+10
4987	7.014e+10
4987.5	7.014e+10
4988	7.013e+10
4988.5	7.013e+10
4989	7.013e+10
4989.5	7.013e+10
4990	7.013e+10
4990.5	7.013e+10
4991	7.012e+10
4991.5	7.012e+10
4992	7.013e+10
4992.5	7.013e+10
4993	7.013e+10
4993.5	7.013e+10
4994	7.012e+10
4994.5	7.012e+10
4995	7.013e+10
4995.5	7.013e+10
4996	7.013e+10
4996.5	7.013e+10
4997	7.012e+10
4997.5	7.013e+10
4998	7.013e+10
4998.5	7.013e+10
4999	7.013e+10
4999.5	7.014e+10
5000	7.013e+10
5000.5	7.013e+10
5001	7.014e+10
5001.5	7.014e+10
5002	7.015e+10
5002.5	7.015e+10
5003	7.014e+10
5003.5	7.015e+10
5004	7.015e+10
5004.5	7.016e+10
5005	7.016e+10
5005.5	7.016e+10
5006	7.016e+10
5006.5	7.016e+10
5007	7.017e+10
5007.5	7.018e+10
5008	7.018e+10
5008.5	7.018e+10
5009	7.018e+10
5009.5	7.018e+10
5010	7.019e+10
5010.5	7.02e+10
5011	7.02e+10
5011.5	7.02e+10
5012	7.02e+10
5012.5	7.021e+10
5013	7.022e+10
5013.5	7.022e+10
5014	7.023e+10
5014.5	7.023e+10
5015	7.023e+10
5015.5	7.024e+10
5016	7.025e+10
5016.5	7.025e+10
5017	7.026e+10
5017.5	7.026e+10
5018	7.026e+10
5018.5	7.027e+10
5019	7.028e+10
5019.5	7.028e+10
5020	7.029e+10
5020.5	7.029e+10
5021	7.03e+10
5021.5	7.031e+10
5022	7.031e+10
5022.5	7.032e+10
5023	7.033e+10
5023.5	7.033e+10
5024	7.034e+10
5024.5	7.035e+10
5025	7.035e+10
5025.5	7.036e+10
5026	7.037e+10
5026.5	7.037e+10
5027	7.038e+10
5027.5	7.039e+10
5028	7.04e+10
5028.5	7.041e+10
5029	7.041e+10
5029.5	7.042e+10
5030	7.042e+10
5030.5	7.044e+10
5031	7.045e+10
5031.5	7.045e+10
5032	7.046e+10
5032.5	7.047e+10
5033	7.047e+10
5033.5	7.049e+10
5034	7.05e+10
5034.5	7.051e+10
5035	7.052e+10
5035.5	7.052e+10
5036	7.053e+10
5036.5	7.054e+10
5037	7.055e+10
5037.5	7.056e+10
5038	7.057e+10
5038.5	7.058e+10
5039	7.059e+10
5039.5	7.06e+10
5040	7.061e+10
5040.5	7.062e+10
5041	7.063e+10
5041.5	7.064e+10
5042	7.065e+10
5042.5	7.067e+10
5043	7.068e+10
5043.5	7.069e+10
5044	7.07e+10
5044.5	7.07e+10
5045	7.072e+10
5045.5	7.073e+10
5046	7.074e+10
5046.5	7.075e+10
5047	7.077e+10
5047.5	7.077e+10
5048	7.079e+10
5048.5	7.08e+10
5049	7.081e+10
5049.5	7.082e+10
5050	7.084e+10
5050.5	7.084e+10
5051	7.086e+10
5051.5	7.087e+10
5052	7.089e+10
5052.5	7.09e+10
5053	7.091e+10
5053.5	7.092e+10
5054	7.094e+10
5054.5	7.095e+10
5055	7.096e+10
5055.5	7.097e+10
5056	7.099e+10
5056.5	7.099e+10
5057	7.101e+10
5057.5	7.103e+10
5058	7.104e+10
5058.5	7.105e+10
5059	7.107e+10
5059.5	7.108e+10
5060	7.109e+10
5060.5	7.111e+10
5061	7.112e+10
5061.5	7.113e+10
5062	7.115e+10
5062.5	7.116e+10
5063	7.118e+10
5063.5	7.119e+10
5064	7.12e+10
5064.5	7.122e+10
5065	7.123e+10
5065.5	7.125e+10
5066	7.126e+10
5066.5	7.128e+10
5067	7.129e+10
5067.5	7.131e+10
5068	7.132e+10
5068.5	7.133e+10
5069	7.135e+10
5069.5	7.137e+10
5070	7.138e+10
5070.5	7.14e+10
5071	7.141e+10
5071.5	7.143e+10
5072	7.144e+10
5072.5	7.146e+10
5073	7.147e+10
5073.5	7.149e+10
5074	7.15e+10
5074.5	7.152e+10
5075	7.154e+10
5075.5	7.155e+10
5076	7.157e+10
5076.5	7.158e+10
5077	7.16e+10
5077.5	7.162e+10
5078	7.163e+10
5078.5	7.165e+10
5079	7.167e+10
5079.5	7.168e+10
5080	7.17e+10
5080.5	7.172e+10
5081	7.174e+10
5081.5	7.175e+10
5082	7.177e+10
5082.5	7.179e+10
5083	7.18e+10
5083.5	7.182e+10
5084	7.184e+10
5084.5	7.186e+10
5085	7.188e+10
5085.5	7.189e+10
5086	7.192e+10
5086.5	7.193e+10
5087	7.195e+10
5087.5	7.197e+10
5088	7.198e+10
5088.5	7.2e+10
5089	7.202e+10
5089.5	7.204e+10
5090	7.206e+10
5090.5	7.208e+10
5091	7.21e+10
5091.5	7.211e+10
5092	7.214e+10
5092.5	7.215e+10
5093	7.217e+10
5093.5	7.219e+10
5094	7.221e+10
5094.5	7.223e+10
5095	7.225e+10
5095.5	7.227e+10
5096	7.229e+10
5096.5	7.231e+10
5097	7.232e+10
5097.5	7.234e+10
5098	7.237e+10
5098.5	7.238e+10
5099	7.24e+10
5099.5	7.242e+10
5100	7.244e+10
5100.5	7.246e+10
5101	7.249e+10
5101.5	7.25e+10
5102	7.252e+10
5102.5	7.254e+10
5103	7.256e+10
5103.5	7.258e+10
5104	7.261e+10
5104.5	7.262e+10
5105	7.265e+10
5105.5	7.267e+10
5106	7.269e+10
5106.5	7.271e+10
5107	7.273e+10
5107.5	7.275e+10
5108	7.277e+10
5108.5	7.279e+10
5109	7.281e+10
5109.5	7.284e+10
5110	7.286e+10
5110.5	7.288e+10
5111	7.29e+10
5111.5	7.292e+10
5112	7.294e+10
5112.5	7.297e+10
5113	7.299e+10
5113.5	7.301e+10
5114	7.303e+10
5114.5	7.305e+10
5115	7.307e+10
5115.5	7.31e+10
5116	7.312e+10
5116.5	7.314e+10
5117	7.316e+10
5117.5	7.319e+10
5118	7.321e+10
5118.5	7.324e+10
5119	7.326e+10
5119.5	7.328e+10
5120	7.33e+10
5120.5	7.332e+10
5121	7.335e+10
5121.5	7.337e+10
5122	7.34e+10
5122.5	7.341e+10
5123	7.344e+10
5123.5	7.346e+10
5124	7.348e+10
5124.5	7.351e+10
5125	7.354e+10
5125.5	7.356e+10
5126	7.358e+10
5126.5	7.36e+10
5127	7.363e+10
5127.5	7.365e+10
5128	7.367e+10
5128.5	7.37e+10
5129	7.372e+10
5129.5	7.375e+10
5130	7.377e+10
5130.5	7.38e+10
5131	7.382e+10
5131.5	7.384e+10
5132	7.387e+10
5132.5	7.389e+10
5133	7.392e+10
5133.5	7.395e+10
5134	7.397e+10
5134.5	7.399e+10
5135	7.402e+10
5135.5	7.404e+10
5136	7.407e+10
5136.5	7.41e+10
5137	7.412e+10
5137.5	7.414e+10
5138	7.417e+10
5138.5	7.419e+10
5139	7.422e+10
5139.5	7.425e+10
5140	7.427e+10
5140.5	7.43e+10
5141	7.432e+10
5141.5	7.435e+10
5142	7.438e+10
5142.5	7.44e+10
5143	7.443e+10
5143.5	7.445e+10
5144	7.448e+10
5144.5	7.451e+10
5145	7.454e+10
5145.5	7.456e+10
5146	7.459e+10
5146.5	7.461e+10
5147	7.464e+10
5147.5	7.467e+10
5148	7.47e+10
5148.5	7.473e+10
5149	7.475e+10
5149.5	7.478e+10
5150	7.48e+10
5150.5	7.483e+10
5151	7.486e+10
5151.5	7.489e+10
5152	7.491e+10
5152.5	7.494e+10
5153	7.497e+10
5153.5	7.5e+10
5154	7.503e+10
5154.5	7.506e+10
5155	7.508e+10
5155.5	7.511e+10
5156	7.514e+10
5156.5	7.517e+10
5157	7.52e+10
5157.5	7.523e+10
5158	7.525e+10
5158.5	7.528e+10
5159	7.531e+10
5159.5	7.535e+10
5160	7.538e+10
5160.5	7.541e+10
5161	7.543e+10
5161.5	7.546e+10
5162	7.549e+10
5162.5	7.552e+10
5163	7.555e+10
5163.5	7.558e+10
5164	7.561e+10
5164.5	7.564e+10
5165	7.567e+10
5165.5	7.57e+10
5166	7.573e+10
5166.5	7.577e+10
5167	7.579e+10
5167.5	7.582e+10
5168	7.585e+10
5168.5	7.589e+10
5169	7.592e+10
5169.5	7.595e+10
5170	7.598e+10
5170.5	7.601e+10
5171	7.604e+10
5171.5	7.607e+10
5172	7.611e+10
5172.5	7.614e+10
5173	7.616e+10
5173.5	7.619e+10
5174	7.623e+10
5174.5	7.626e+10
5175	7.629e+10
5175.5	7.633e+10
5176	7.635e+10
5176.5	7.639e+10
5177	7.642e+10
5177.5	7.645e+10
5178	7.649e+10
5178.5	7.652e+10
5179	7.655e+10
5179.5	7.658e+10
5180	7.662e+10
5180.5	7.665e+10
5181	7.668e+10
5181.5	7.671e+10
5182	7.674e+10
5182.5	7.677e+10
5183	7.681e+10
5183.5	7.684e+10
5184	7.688e+10
5184.5	7.691e+10
5185	7.694e+10
5185.5	7.697e+10
5186	7.701e+10
5186.5	7.704e+10
5187	7.707e+10
5187.5	7.711e+10
5188	7.714e+10
5188.5	7.717e+10
5189	7.721e+10
5189.5	7.724e+10
5190	7.727e+10
5190.5	7.731e+10
5191	7.734e+10
5191.5	7.737e+10
5192	7.741e+10
5192.5	7.744e+10
5193	7.748e+10
5193.5	7.751e+10
5194	7.754e+10
5194.5	7.757e+10
5195	7.761e+10
5195.5	7.765e+10
5196	7.768e+10
5196.5	7.772e+10
5197	7.775e+10
5197.5	7.778e+10
5198	7.782e+10
5198.5	7.786e+10
5199	7.789e+10
5199.5	7.793e+10
5200	7.796e+10
5200.5	7.799e+10
5201	7.803e+10
5201.5	7.807e+10
5202	7.811e+10
5202.5	7.814e+10
5203	7.817e+10
5203.5	7.821e+10
5204	7.825e+10
5204.5	7.829e+10
5205	7.832e+10
5205.5	7.836e+10
5206	7.839e+10
5206.5	7.843e+10
5207	7.847e+10
5207.5	7.851e+10
5208	7.854e+10
5208.5	7.858e+10
5209	7.861e+10
5209.5	7.865e+10
5210	7.869e+10
5210.5	7.873e+10
5211	7.876e+10
5211.5	7.88e+10
5212	7.883e+10
5212.5	7.888e+10
5213	7.892e+10
5213.5	7.895e+10
5214	7.899e+10
5214.5	7.903e+10
5215	7.906e+10
5215.5	7.911e+10
5216	7.914e+10
5216.5	7.918e+10
5217	7.922e+10
5217.5	7.926e+10
5218	7.929e+10
5218.5	7.934e+10
5219	7.938e+10
5219.5	7.941e+10
5220	7.945e+10
5220.5	7.949e+10
5221	7.953e+10
5221.5	7.957e+10
5222	7.961e+10
5222.5	7.965e+10
5223	7.969e+10
5223.5	7.973e+10
5224	7.976e+10
5224.5	7.981e+10
5225	7.985e+10
5225.5	7.989e+10
5226	7.992e+10
5226.5	7.996e+10
5227	8e+10
5227.5	8.004e+10
5228	8.008e+10
5228.5	8.012e+10
5229	8.016e+10
5229.5	8.02e+10
5230	8.024e+10
5230.5	8.029e+10
5231	8.033e+10
5231.5	8.037e+10
5232	8.041e+10
5232.5	8.045e+10
5233	8.049e+10
5233.5	8.053e+10
5234	8.057e+10
5234.5	8.061e+10
5235	8.065e+10
5235.5	8.069e+10
5236	8.073e+10
5236.5	8.077e+10
5237	8.082e+10
5237.5	8.086e+10
5238	8.09e+10
5238.5	8.093e+10
5239	8.098e+10
5239.5	8.102e+10
5240	8.107e+10
5240.5	8.111e+10
5241	8.115e+10
5241.5	8.118e+10
5242	8.123e+10
5242.5	8.128e+10
5243	8.132e+10
5243.5	8.136e+10
5244	8.14e+10
5244.5	8.144e+10
5245	8.149e+10
5245.5	8.153e+10
5246	8.157e+10
5246.5	8.162e+10
5247	8.166e+10
5247.5	8.17e+10
5248	8.174e+10
5248.5	8.179e+10
5249	8.183e+10
5249.5	8.187e+10
5250	8.192e+10
5250.5	8.196e+10
5251	8.2e+10
5251.5	8.205e+10
5252	8.209e+10
5252.5	8.214e+10
5253	8.218e+10
5253.5	8.222e+10
5254	8.227e+10
5254.5	8.231e+10
5255	8.236e+10
5255.5	8.24e+10
5256	8.244e+10
5256.5	8.249e+10
5257	8.253e+10
5257.5	8.258e+10
5258	8.262e+10
5258.5	8.267e+10
5259	8.271e+10
5259.5	8.276e+10
5260	8.28e+10
5260.5	8.285e+10
5261	8.29e+10
5261.5	8.294e+10
5262	8.299e+10
5262.5	8.303e+10
5263	8.308e+10
5263.5	8.312e+10
5264	8.317e+10
5264.5	8.322e+10
5265	8.326e+10
5265.5	8.331e+10
5266	8.336e+10
5266.5	8.34e+10
5267	8.345e+10
5267.5	8.349e+10
5268	8.354e+10
5268.5	8.359e+10
5269	8.364e+10
5269.5	8.368e+10
5270	8.373e+10
5270.5	8.378e+10
5271	8.382e+10
5271.5	8.387e+10
5272	8.392e+10
5272.5	8.397e+10
5273	8.401e+10
5273.5	8.406e+10
5274	8.411e+10
5274.5	8.415e+10
5275	8.42e+10
5275.5	8.425e+10
5276	8.43e+10
5276.5	8.435e+10
5277	8.44e+10
5277.5	8.444e+10
5278	8.449e+10
5278.5	8.454e+10
5279	8.459e+10
5279.5	8.463e+10
5280	8.469e+10
5280.5	8.473e+10
5281	8.478e+10
5281.5	8.483e+10
5282	8.488e+10
5282.5	8.492e+10
5283	8.498e+10
5283.5	8.502e+10
5284	8.507e+10
5284.5	8.512e+10
5285	8.517e+10
5285.5	8.521e+10
5286	8.527e+10
5286.5	8.531e+10
5287	8.536e+10
5287.5	8.541e+10
5288	8.546e+10
5288.5	8.551e+10
5289	8.556e+10
5289.5	8.561e+10
5290	8.566e+10
5290.5	8.57e+10
5291	8.575e+10
5291.5	8.58e+10
5292	8.586e+10
5292.5	8.59e+10
5293	8.595e+10
5293.5	8.6e+10
5294	8.605e+10
5294.5	8.61e+10
5295	8.615e+10
5295.5	8.62e+10
5296	8.625e+10
5296.5	8.63e+10
5297	8.635e+10
5297.5	8.64e+10
5298	8.645e+10
5298.5	8.65e+10
5299	8.655e+10
5299.5	8.66e+10
5300	8.665e+10
5300.5	8.67e+10
5301	8.675e+10
5301.5	8.68e+10
5302	8.685e+10
5302.5	8.69e+10
5303	8.695e+10
5303.5	8.7e+10
5304	8.706e+10
5304.5	8.71e+10
5305	8.715e+10
5305.5	8.72e+10
5306	8.725e+10
5306.5	8.731e+10
5307	8.736e+10
5307.5	8.741e+10
5308	8.746e+10
5308.5	8.751e+10
5309	8.756e+10
5309.5	8.761e+10
5310	8.767e+10
5310.5	8.771e+10
5311	8.776e+10
5311.5	8.781e+10
5312	8.786e+10
5312.5	8.792e+10
5313	8.797e+10
5313.5	8.802e+10
5314	8.807e+10
5314.5	8.812e+10
5315	8.817e+10
5315.5	8.823e+10
5316	8.828e+10
5316.5	8.833e+10
5317	8.838e+10
5317.5	8.843e+10
5318	8.848e+10
5318.5	8.854e+10
5319	8.859e+10
5319.5	8.864e+10
5320	8.869e+10
5320.5	8.874e+10
5321	8.88e+10
5321.5	8.885e+10
5322	8.891e+10
5322.5	8.895e+10
5323	8.901e+10
5323.5	8.906e+10
5324	8.912e+10
5324.5	8.917e+10
5325	8.922e+10
5325.5	8.927e+10
5326	8.932e+10
5326.5	8.937e+10
5327	8.943e+10
5327.5	8.948e+10
5328	8.954e+10
5328.5	8.959e+10
5329	8.964e+10
5329.5	8.969e+10
5330	8.975e+10
5330.5	8.98e+10
5331	8.986e+10
5331.5	8.99e+10
5332	8.996e+10
5332.5	9.001e+10
5333	9.007e+10
5333.5	9.012e+10
5334	9.018e+10
5334.5	9.022e+10
5335	9.028e+10
5335.5	9.033e+10
5336	9.039e+10
5336.5	9.044e+10
5337	9.05e+10
5337.5	9.055e+10
5338	9.06e+10
5338.5	9.065e+10
5339	9.071e+10
5339.5	9.077e+10
5340	9.082e+10
5340.5	9.087e+10
5341	9.092e+10
5341.5	9.098e+10
5342	9.104e+10
5342.5	9.109e+10
5343	9.114e+10
5343.5	9.119e+10
5344	9.125e+10
5344.5	9.131e+10
5345	9.136e+10
5345.5	9.141e+10
5346	9.147e+10
5346.5	9.152e+10
5347	9.157e+10
5347.5	9.163e+10
5348	9.168e+10
5348.5	9.174e+10
5349	9.179e+10
5349.5	9.184e+10
5350	9.189e+10
5350.5	9.195e+10
5351	9.201e+10
5351.5	9.206e+10
5352	9.211e+10
5352.5	9.216e+10
5353	9.222e+10
5353.5	9.228e+10
5354	9.233e+10
5354.5	9.239e+10
5355	9.243e+10
5355.5	9.249e+10
5356	9.254e+10
5356.5	9.26e+10
5357	9.266e+10
5357.5	9.271e+10
5358	9.276e+10
5358.5	9.281e+10
5359	9.287e+10
5359.5	9.293e+10
5360	9.298e+10
5360.5	9.303e+10
5361	9.308e+10
5361.5	9.314e+10
5362	9.319e+10
5362.5	9.325e+10
5363	9.33e+10
5363.5	9.336e+10
5364	9.34e+10
5364.5	9.346e+10
5365	9.351e+10
5365.5	9.357e+10
5366	9.363e+10
5366.5	9.368e+10
5367	9.373e+10
5367.5	9.378e+10
5368	9.383e+10
5368.5	9.389e+10
5369	9.395e+10
5369.5	9.4e+10
5370	9.405e+10
5370.5	9.41e+10
5371	9.416e+10
5371.5	9.422e+10
5372	9.427e+10
5372.5	9.432e+10
5373	9.437e+10
5373.5	9.442e+10
5374	9.448e+10
5374.5	9.454e+10
5375	9.459e+10
5375.5	9.464e+10
5376	9.469e+10
5376.5	9.475e+10
5377	9.481e+10
5377.5	9.486e+10
5378	9.491e+10
5378.5	9.497e+10
5379	9.501e+10
5379.5	9.507e+10
5380	9.513e+10
5380.5	9.518e+10
5381	9.523e+10
5381.5	9.529e+10
5382	9.533e+10
5382.5	9.539e+10
5383	9.545e+10
5383.5	9.55e+10
5384	9.555e+10
5384.5	9.56e+10
5385	9.565e+10
5385.5	9.57e+10
5386	9.576e+10
5386.5	9.582e+10
5387	9.587e+10
5387.5	9.592e+10
5388	9.597e+10
5388.5	9.602e+10
5389	9.608e+10
5389.5	9.613e+10
5390	9.619e+10
5390.5	9.624e+10
5391	9.628e+10
5391.5	9.634e+10
5392	9.64e+10
5392.5	9.645e+10
5393	9.65e+10
5393.5	9.655e+10
5394	9.66e+10
5394.5	9.666e+10
5395	9.671e+10
5395.5	9.676e+10
5396	9.681e+10
5396.5	9.686e+10
5397	9.691e+10
5397.5	9.697e+10
5398	9.702e+10
5398.5	9.707e+10
5399	9.712e+10
5399.5	9.717e+10
5400	9.722e+10
5400.5	9.728e+10
5401	9.733e+10
5401.5	9.738e+10
5402	9.743e+10
5402.5	9.748e+10
5403	9.753e+10
5403.5	9.758e+10
5404	9.763e+10
5404.5	9.768e+10
5405	9.774e+10
5405.5	9.779e+10
5406	9.783e+10
5406.5	9.789e+10
5407	9.794e+10
5407.5	9.799e+10
5408	9.804e+10
5408.5	9.809e+10
5409	9.813e+10
5409.5	9.819e+10
5410	9.824e+10
5410.5	9.829e+10
5411	9.834e+10
5411.5	9.839e+10
5412	9.843e+10
5412.5	9.849e+10
5413	9.854e+10
5413.5	9.859e+10
5414	9.864e+10
5414.5	9.869e+10
5415	9.873e+10
5415.5	9.879e+10
5416	9.884e+10
5416.5	9.889e+10
5417	9.893e+10
5417.5	9.898e+10
5418	9.903e+10
5418.5	9.908e+10
5419	9.913e+10
5419.5	9.918e+10
5420	9.923e+10
5420.5	9.928e+10
5421	9.933e+10
5421.5	9.938e+10
5422	9.943e+10
5422.5	9.947e+10
5423	9.952e+10
5423.5	9.957e+10
5424	9.962e+10
5424.5	9.967e+10
5425	9.972e+10
5425.5	9.977e+10
5426	9.981e+10
5426.5	9.986e+10
5427	9.991e+10
5427.5	9.996e+10
5428	1e+11
5428.5	1.001e+11
5429	1.001e+11
5429.5	1.002e+11
5430	1.002e+11
5430.5	1.002e+11
5431	1.003e+11
5431.5	1.003e+11
5432	1.004e+11
5432.5	1.004e+11
5433	1.005e+11
5433.5	1.005e+11
5434	1.006e+11
5434.5	1.006e+11
5435	1.007e+11
5435.5	1.007e+11
5436	1.008e+11
5436.5	1.008e+11
5437	1.009e+11
5437.5	1.009e+11
5438	1.01e+11
5438.5	1.01e+11
5439	1.011e+11
5439.5	1.011e+11
5440	1.012e+11
5440.5	1.012e+11
5441	1.012e+11
5441.5	1.013e+11
5442	1.013e+11
5442.5	1.014e+11
5443	1.014e+11
5443.5	1.015e+11
5444	1.015e+11
5444.5	1.016e+11
5445	1.016e+11
5445.5	1.017e+11
5446	1.017e+11
5446.5	1.018e+11
5447	1.018e+11
5447.5	1.019e+11
5448	1.019e+11
5448.5	1.02e+11
5449	1.02e+11
5449.5	1.021e+11
5450	1.021e+11
5450.5	1.022e+11
5451	1.022e+11
5451.5	1.022e+11
5452	1.023e+11
5452.5	1.023e+11
5453	1.024e+11
5453.5	1.024e+11
5454	1.025e+11
5454.5	1.025e+11
5455	1.026e+11
5455.5	1.026e+11
5456	1.027e+11
5456.5	1.027e+11
5457	1.028e+11
5457.5	1.028e+11
5458	1.029e+11
5458.5	1.029e+11
5459	1.03e+11
5459.5	1.03e+11
5460	1.031e+11
5460.5	1.031e+11
5461	1.032e+11
5461.5	1.032e+11
5462	1.033e+11
5462.5	1.033e+11
5463	1.034e+11
5463.5	1.034e+11
5464	1.034e+11
5464.5	1.035e+11
5465	1.036e+11
5465.5	1.036e+11
5466	1.036e+11
5466.5	1.037e+11
5467	1.037e+11
5467.5	1.038e+11
5468	1.038e+11
5468.5	1.039e+11
5469	1.039e+11
5469.5	1.04e+11
5470	1.04e+11
5470.5	1.041e+11
5471	1.041e+11
5471.5	1.042e+11
5472	1.042e+11
5472.5	1.043e+11
5473	1.043e+11
5473.5	1.044e+11
5474	1.044e+11
5474.5	1.045e+11
5475	1.045e+11
5475.5	1.046e+11
5476	1.046e+11
5476.5	1.047e+11
5477	1.048e+11
5477.5	1.048e+11
5478	1.049e+11
5478.5	1.049e+11
5479	1.05e+11
5479.5	1.05e+11
5480	1.051e+11
5480.5	1.051e+11
5481	1.052e+11
5481.5	1.052e+11
5482	1.053e+11
5482.5	1.053e+11
5483	1.054e+11
5483.5	1.054e+11
5484	1.055e+11
5484.5	1.055e+11
5485	1.056e+11
5485.5	1.056e+11
5486	1.057e+11
5486.5	1.058e+11
5487	1.058e+11
5487.5	1.059e+11
5488	1.059e+11
5488.5	1.06e+11
5489	1.06e+11
5489.5	1.061e+11
5490	1.062e+11
5490.5	1.062e+11
5491	1.063e+11
5491.5	1.063e+11
5492	1.064e+11
5492.5	1.065e+11
5493	1.065e+11
5493.5	1.066e+11
5494	1.066e+11
5494.5	1.067e+11
5495	1.068e+11
5495.5	1.068e+11
5496	1.069e+11
5496.5	1.069e+11
5497	1.07e+11
5497.5	1.071e+11
5498	1.071e+11
5498.5	1.072e+11
5499	1.073e+11
5499.5	1.073e+11
5500	1.074e+11
5500.5	1.075e+11
5501	1.075e+11
5501.5	1.076e+11
5502	1.077e+11
5502.5	1.077e+11
5503	1.078e+11
5503.5	1.079e+11
5504	1.079e+11
5504.5	1.08e+11
5505	1.081e+11
5505.5	1.082e+11
5506	1.082e+11
5506.5	1.083e+11
5507	1.084e+11
5507.5	1.084e+11
5508	1.085e+11
5508.5	1.086e+11
5509	1.087e+11
5509.5	1.088e+11
5510	1.088e+11
5510.5	1.089e+11
5511	1.09e+11
5511.5	1.091e+11
5512	1.092e+11
5512.5	1.092e+11
5513	1.093e+11
5513.5	1.094e+11
5514	1.095e+11
5514.5	1.096e+11
5515	1.097e+11
5515.5	1.097e+11
5516	1.098e+11
5516.5	1.099e+11
5517	1.1e+11
5517.5	1.101e+11
5518	1.102e+11
5518.5	1.103e+11
5519	1.104e+11
5519.5	1.105e+11
5520	1.106e+11
5520.5	1.106e+11
5521	1.108e+11
5521.5	1.108e+11
5522	1.109e+11
5522.5	1.11e+11
5523	1.111e+11
5523.5	1.112e+11
5524	1.114e+11
5524.5	1.115e+11
5525	1.116e+11
5525.5	1.117e+11
5526	1.118e+11
5526.5	1.119e+11
5527	1.12e+11
5527.5	1.121e+11
5528	1.122e+11
5528.5	1.123e+11
5529	1.124e+11
5529.5	1.126e+11
5530	1.127e+11
5530.5	1.128e+11
5531	1.129e+11
5531.5	1.13e+11
5532	1.132e+11
5532.5	1.133e+11
5533	1.134e+11
5533.5	1.135e+11
5534	1.137e+11
5534.5	1.138e+11
5535	1.139e+11
5535.5	1.141e+11
5536	1.142e+11
5536.5	1.143e+11
5537	1.145e+11
5537.5	1.146e+11
5538	1.148e+11
5538.5	1.149e+11
5539	1.151e+11
5539.5	1.152e+11
5540	1.154e+11
5540.5	1.155e+11
5541	1.157e+11
5541.5	1.158e+11
5542	1.16e+11
5542.5	1.161e+11
5543	1.163e+11
5543.5	1.164e+11
5544	1.166e+11
5544.5	1.168e+11
5545	1.17e+11
5545.5	1.171e+11
5546	1.173e+11
5546.5	1.175e+11
5547	1.176e+11
5547.5	1.178e+11
5548	1.18e+11
5548.5	1.182e+11
5549	1.184e+11
5549.5	1.186e+11
5550	1.187e+11
5550.5	1.189e+11
5551	1.191e+11
5551.5	1.193e+11
5552	1.195e+11
5552.5	1.197e+11
5553	1.199e+11
5553.5	1.201e+11
5554	1.204e+11
5554.5	1.206e+11
5555	1.208e+11
5555.5	1.21e+11
5556	1.212e+11
5556.5	1.214e+11
5557	1.217e+11
5557.5	1.219e+11
5558	1.221e+11
5558.5	1.223e+11
5559	1.226e+11
5559.5	1.228e+11
5560	1.231e+11
5560.5	1.233e+11
5561	1.236e+11
5561.5	1.238e+11
5562	1.241e+11
5562.5	1.243e+11
5563	1.246e+11
5563.5	1.249e+11
5564	1.251e+11
5564.5	1.254e+11
5565	1.257e+11
5565.5	1.259e+11
5566	1.262e+11
5566.5	1.265e+11
5567	1.268e+11
5567.5	1.271e+11
5568	1.274e+11
5568.5	1.277e+11
5569	1.28e+11
5569.5	1.283e+11
5570	1.286e+11
5570.5	1.289e+11
5571	1.292e+11
5571.5	1.295e+11
5572	1.298e+11
5572.5	1.302e+11
5573	1.305e+11
5573.5	1.308e+11
5574	1.312e+11
5574.5	1.315e+11
5575	1.319e+11
5575.5	1.322e+11
5576	1.325e+11
5576.5	1.329e+11
5577	1.333e+11
5577.5	1.336e+11
5578	1.34e+11
5578.5	1.344e+11
5579	1.348e+11
5579.5	1.351e+11
5580	1.355e+11
5580.5	1.359e+11
5581	1.363e+11
5581.5	1.367e+11
5582	1.371e+11
5582.5	1.375e+11
5583	1.38e+11
5583.5	1.384e+11
5584	1.388e+11
5584.5	1.392e+11
5585	1.396e+11
5585.5	1.401e+11
5586	1.405e+11
5586.5	1.41e+11
5587	1.414e+11
5587.5	1.419e+11
5588	1.424e+11
5588.5	1.428e+11
5589	1.433e+11
5589.5	1.438e+11
5590	1.443e+11
5590.5	1.448e+11
5591	1.453e+11
5591.5	1.458e+11
5592	1.463e+11
5592.5	1.468e+11
5593	1.473e+11
5593.5	1.479e+11
5594	1.484e+11
5594.5	1.489e+11
5595	1.495e+11
5595.5	1.5e+11
5596	1.506e+11
5596.5	1.511e+11
5597	1.517e+11
5597.5	1.523e+11
5598	1.529e+11
5598.5	1.535e+11
5599	1.541e+11
5599.5	1.547e+11
5600	1.553e+11
5600.5	1.559e+11
5601	1.565e+11
5601.5	1.572e+11
5602	1.578e+11
5602.5	1.584e+11
5603	1.591e+11
5603.5	1.598e+11
5604	1.604e+11
5604.5	1.611e+11
5605	1.618e+11
5605.5	1.625e+11
5606	1.632e+11
5606.5	1.639e+11
5607	1.646e+11
5607.5	1.653e+11
5608	1.661e+11
5608.5	1.668e+11
5609	1.675e+11
5609.5	1.683e+11
5610	1.691e+11
5610.5	1.698e+11
5611	1.706e+11
5611.5	1.714e+11
5612	1.722e+11
5612.5	1.73e+11
5613	1.738e+11
5613.5	1.746e+11
5614	1.754e+11
5614.5	1.763e+11
5615	1.771e+11
5615.5	1.78e+11
5616	1.789e+11
5616.5	1.797e+11
5617	1.806e+11
5617.5	1.815e+11
5618	1.824e+11
5618.5	1.833e+11
5619	1.843e+11
5619.5	1.852e+11
5620	1.861e+11
5620.5	1.871e+11
5621	1.88e+11
5621.5	1.89e+11
5622	1.9e+11
5622.5	1.91e+11
5623	1.92e+11
5623.5	1.93e+11
5624	1.94e+11
5624.5	1.951e+11
5625	1.961e+11
5625.5	1.972e+11
5626	1.982e+11
5626.5	1.993e+11
5627	2.004e+11
5627.5	2.015e+11
5628	2.027e+11
5628.5	2.038e+11
5629	2.049e+11
5629.5	2.061e+11
5630	2.072e+11
5630.5	2.084e+11
5631	2.096e+11
5631.5	2.108e+11
5632	2.12e+11
5632.5	2.133e+11
5633	2.145e+11
5633.5	2.157e+11
5634	2.17e+11
5634.5	2.183e+11
5635	2.196e+11
5635.5	2.209e+11
5636	2.222e+11
5636.5	2.235e+11
5637	2.249e+11
5637.5	2.262e+11
5638	2.276e+11
5638.5	2.29e+11
5639	2.304e+11
5639.5	2.318e+11
5640	2.333e+11
5640.5	2.347e+11
5641	2.362e+11
5641.5	2.377e+11
5642	2.392e+11
5642.5	2.407e+11
5643	2.422e+11
5643.5	2.437e+11
5644	2.453e+11
5644.5	2.469e+11
5645	2.485e+11
5645.5	2.501e+11
5646	2.517e+11
5646.5	2.533e+11
5647	2.55e+11
5647.5	2.567e+11
5648	2.583e+11
5648.5	2.6e+11
5649	2.618e+11
5649.5	2.635e+11
5650	2.652e+11
5650.5	2.671e+11
5651	2.688e+11
5651.5	2.706e+11
5652	2.725e+11
5652.5	2.743e+11
5653	2.762e+11
5653.5	2.781e+11
5654	2.8e+11
5654.5	2.819e+11
5655	2.838e+11
5655.5	2.858e+11
5656	2.878e+11
5656.5	2.898e+11
5657	2.918e+11
5657.5	2.938e+11
5658	2.959e+11
5658.5	2.979e+11
5659	3e+11
5659.5	3.022e+11
5660	3.043e+11
5660.5	3.064e+11
5661	3.086e+11
5661.5	3.108e+11
5662	3.13e+11
5662.5	3.153e+11
5663	3.175e+11
5663.5	3.198e+11
5664	3.221e+11
5664.5	3.244e+11
5665	3.268e+11
5665.5	3.292e+11
5666	3.316e+11
5666.5	3.34e+11
5667	3.364e+11
5667.5	3.389e+11
5668	3.414e+11
5668.5	3.439e+11
5669	3.464e+11
5669.5	3.489e+11
5670	3.515e+11
5670.5	3.541e+11
5671	3.568e+11
5671.5	3.594e+11
5672	3.621e+11
5672.5	3.648e+11
5673	3.675e+11
5673.5	3.702e+11
5674	3.731e+11
5674.5	3.759e+11
5675	3.787e+11
5675.5	3.815e+11
5676	3.844e+11
5676.5	3.873e+11
5677	3.903e+11
5677.5	3.932e+11
5678	3.962e+11
5678.5	3.992e+11
5679	4.022e+11
5679.5	4.054e+11
5680	4.084e+11
5680.5	4.116e+11
5681	4.147e+11
5681.5	4.179e+11
5682	4.211e+11
5682.5	4.244e+11
5683	4.276e+11
5683.5	4.309e+11
5684	4.342e+11
5684.5	4.376e+11
5685	4.41e+11
5685.5	4.444e+11
5686	4.479e+11
5686.5	4.513e+11
5687	4.548e+11
5687.5	4.584e+11
5688	4.619e+11
5688.5	4.656e+11
5689	4.692e+11
5689.5	4.728e+11
5690	4.765e+11
5690.5	4.803e+11
5691	4.84e+11
5691.5	4.879e+11
5692	4.917e+11
5692.5	4.955e+11
5693	4.994e+11
5693.5	5.034e+11
5694	5.073e+11
5694.5	5.114e+11
5695	5.154e+11
5695.5	5.195e+11
5696	5.236e+11
5696.5	5.277e+11
5697	5.319e+11
5697.5	5.362e+11
5698	5.404e+11
5698.5	5.447e+11
5699	5.49e+11
5699.5	5.534e+11
5700	5.578e+11
5700.5	5.623e+11
5701	5.668e+11
5701.5	5.713e+11
5702	5.758e+11
5702.5	5.804e+11
5703	5.851e+11
5703.5	5.898e+11
5704	5.945e+11
5704.5	5.993e+11
5705	6.041e+11
5705.5	6.089e+11
5706	6.139e+11
5706.5	6.189e+11
5707	6.238e+11
5707.5	6.288e+11
5708	6.339e+11
5708.5	6.39e+11
5709	6.442e+11
5709.5	6.494e+11
5710	6.547e+11
5710.5	6.6e+11
5711	6.653e+11
5711.5	6.707e+11
5712	6.762e+11
5712.5	6.817e+11
5713	6.872e+11
5713.5	6.928e+11
5714	6.984e+11
5714.5	7.041e+11
5715	7.099e+11
5715.5	7.157e+11
5716	7.215e+11
5716.5	7.273e+11
5717	7.332e+11
5717.5	7.392e+11
5718	7.453e+11
5718.5	7.514e+11
5719	7.575e+11
5719.5	7.637e+11
5720	7.699e+11
5720.5	7.762e+11
5721	7.827e+11
5721.5	7.89e+11
5722	7.955e+11
5722.5	8.02e+11
5723	8.085e+11
5723.5	8.151e+11
5724	8.219e+11
5724.5	8.286e+11
5725	8.354e+11
5725.5	8.422e+11
5726	8.491e+11
5726.5	8.561e+11
5727	8.631e+11
5727.5	8.702e+11
5728	8.773e+11
5728.5	8.844e+11
5729	8.916e+11
5729.5	8.99e+11
5730	9.064e+11
5730.5	9.138e+11
5731	9.212e+11
5731.5	9.287e+11
5732	9.363e+11
5732.5	9.44e+11
5733	9.517e+11
5733.5	9.595e+11
5734	9.673e+11
5734.5	9.751e+11
5735	9.83e+11
5735.5	9.912e+11
5736	9.992e+11
5736.5	1.007e+12
5737	1.016e+12
5737.5	1.024e+12
5738	1.032e+12
5738.5	1.041e+12
5739	1.049e+12
5739.5	1.057e+12
5740	1.066e+12
5740.5	1.075e+12
5741	1.083e+12
5741.5	1.092e+12
5742	1.101e+12
5742.5	1.11e+12
5743	1.119e+12
5743.5	1.128e+12
5744	1.137e+12
5744.5	1.146e+12
5745	1.155e+12
5745.5	1.165e+12
5746	1.174e+12
5746.5	1.183e+12
5747	1.193e+12
5747.5	1.203e+12
5748	1.212e+12
5748.5	1.222e+12
5749	1.232e+12
5749.5	1.241e+12
5750	1.251e+12
5750.5	1.261e+12
5751	1.271e+12
5751.5	1.282e+12
5752	1.292e+12
5752.5	1.302e+12
5753	1.312e+12
5753.5	1.323e+12
5754	1.333e+12
5754.5	1.344e+12
5755	1.354e+12
5755.5	1.365e+12
5756	1.376e+12
5756.5	1.387e+12
5757	1.398e+12
5757.5	1.409e+12
5758	1.42e+12
5758.5	1.431e+12
5759	1.442e+12
5759.5	1.454e+12
5760	1.465e+12
5760.5	1.477e+12
5761	1.488e+12
5761.5	1.5e+12
5762	1.512e+12
5762.5	1.524e+12
5763	1.535e+12
5763.5	1.547e+12
5764	1.559e+12
5764.5	1.571e+12
5765	1.584e+12
5765.5	1.596e+12
5766	1.609e+12
5766.5	1.621e+12
5767	1.634e+12
5767.5	1.646e+12
5768	1.659e+12
5768.5	1.672e+12
5769	1.685e+12
5769.5	1.698e+12
5770	1.711e+12
5770.5	1.724e+12
5771	1.738e+12
5771.5	1.751e+12
5772	1.765e+12
5772.5	1.778e+12
5773	1.792e+12
5773.5	1.806e+12
5774	1.82e+12
5774.5	1.834e+12
5775	1.848e+12
5775.5	1.862e+12
5776	1.876e+12
5776.5	1.891e+12
5777	1.905e+12
5777.5	1.92e+12
5778	1.934e+12
5778.5	1.949e+12
5779	1.964e+12
5779.5	1.979e+12
5780	1.994e+12
5780.5	2.01e+12
5781	2.025e+12
5781.5	2.04e+12
5782	2.056e+12
5782.5	2.072e+12
5783	2.088e+12
5783.5	2.104e+12
5784	2.12e+12
5784.5	2.136e+12
5785	2.152e+12
5785.5	2.169e+12
5786	2.185e+12
5786.5	2.202e+12
5787	2.218e+12
5787.5	2.235e+12
5788	2.252e+12
5788.5	2.27e+12
5789	2.287e+12
5789.5	2.304e+12
5790	2.322e+12
5790.5	2.339e+12
5791	2.357e+12
5791.5	2.375e+12
5792	2.393e+12
5792.5	2.411e+12
5793	2.429e+12
5793.5	2.448e+12
5794	2.466e+12
5794.5	2.485e+12
5795	2.504e+12
5795.5	2.522e+12
5796	2.541e+12
5796.5	2.561e+12
5797	2.58e+12
5797.5	2.599e+12
5798	2.619e+12
5798.5	2.639e+12
5799	2.658e+12
5799.5	2.678e+12
5800	2.699e+12
5800.5	2.719e+12
5801	2.739e+12
5801.5	2.76e+12
5802	2.78e+12
5802.5	2.801e+12
5803	2.822e+12
5803.5	2.843e+12
5804	2.864e+12
5804.5	2.886e+12
5805	2.907e+12
5805.5	2.929e+12
5806	2.951e+12
5806.5	2.973e+12
5807	2.995e+12
5807.5	3.017e+12
5808	3.039e+12
5808.5	3.061e+12
5809	3.084e+12
5809.5	3.107e+12
5810	3.13e+12
5810.5	3.153e+12
5811	3.176e+12
5811.5	3.199e+12
5812	3.223e+12
5812.5	3.247e+12
5813	3.27e+12
5813.5	3.294e+12
5814	3.318e+12
5814.5	3.342e+12
5815	3.367e+12
5815.5	3.392e+12
5816	3.416e+12
5816.5	3.441e+12
5817	3.466e+12
5817.5	3.491e+12
5818	3.516e+12
5818.5	3.542e+12
5819	3.567e+12
5819.5	3.593e+12
5820	3.619e+12
5820.5	3.645e+12
5821	3.671e+12
5821.5	3.698e+12
5822	3.724e+12
5822.5	3.751e+12
5823	3.777e+12
5823.5	3.805e+12
5824	3.832e+12
5824.5	3.859e+12
5825	3.886e+12
5825.5	3.914e+12
5826	3.941e+12
5826.5	3.97e+12
5827	3.998e+12
5827.5	4.026e+12
5828	4.054e+12
5828.5	4.083e+12
5829	4.111e+12
5829.5	4.141e+12
5830	4.17e+12
5830.5	4.199e+12
5831	4.228e+12
5831.5	4.258e+12
5832	4.287e+12
5832.5	4.318e+12
5833	4.347e+12
5833.5	4.378e+12
5834	4.408e+12
5834.5	4.439e+12
5835	4.469e+12
5835.5	4.501e+12
5836	4.532e+12
5836.5	4.563e+12
5837	4.594e+12
5837.5	4.626e+12
5838	4.658e+12
5838.5	4.69e+12
5839	4.722e+12
5839.5	4.755e+12
5840	4.787e+12
5840.5	4.82e+12
5841	4.853e+12
5841.5	4.887e+12
5842	4.92e+12
5842.5	4.953e+12
5843	4.987e+12
5843.5	5.021e+12
5844	5.055e+12
5844.5	5.09e+12
5845	5.124e+12
5845.5	5.159e+12
5846	5.194e+12
5846.5	5.229e+12
5847	5.265e+12
5847.5	5.3e+12
5848	5.336e+12
5848.5	5.372e+12
5849	5.408e+12
5849.5	5.444e+12
5850	5.482e+12
5850.5	5.518e+12
5851	5.555e+12
5851.5	5.592e+12
5852	5.63e+12
5852.5	5.668e+12
5853	5.706e+12
5853.5	5.744e+12
5854	5.782e+12
5854.5	5.821e+12
5855	5.86e+12
5855.5	5.899e+12
5856	5.939e+12
5856.5	5.978e+12
5857	6.018e+12
5857.5	6.057e+12
5858	6.098e+12
5858.5	6.138e+12
5859	6.179e+12
5859.5	6.22e+12
5860	6.261e+12
5860.5	6.302e+12
5861	6.344e+12
5861.5	6.385e+12
5862	6.428e+12
5862.5	6.47e+12
5863	6.512e+12
5863.5	6.555e+12
5864	6.598e+12
5864.5	6.641e+12
5865	6.685e+12
5865.5	6.728e+12
5866	6.772e+12
5866.5	6.816e+12
5867	6.86e+12
5867.5	6.905e+12
5868	6.95e+12
5868.5	6.995e+12
5869	7.039e+12
5869.5	7.085e+12
5870	7.13e+12
5870.5	7.177e+12
5871	7.223e+12
5871.5	7.269e+12
5872	7.315e+12
5872.5	7.361e+12
5873	7.408e+12
5873.5	7.456e+12
5874	7.503e+12
5874.5	7.55e+12
5875	7.598e+12
5875.5	7.645e+12
5876	7.693e+12
5876.5	7.742e+12
5877	7.791e+12
5877.5	7.839e+12
5878	7.888e+12
5878.5	7.937e+12
5879	7.986e+12
5879.5	8.036e+12
5880	8.086e+12
5880.5	8.136e+12
5881	8.185e+12
5881.5	8.236e+12
5882	8.286e+12
5882.5	8.337e+12
5883	8.388e+12
5883.5	8.439e+12
5884	8.49e+12
5884.5	8.541e+12
5885	8.593e+12
5885.5	8.646e+12
5886	8.698e+12
5886.5	8.75e+12
5887	8.802e+12
5887.5	8.855e+12
5888	8.908e+12
5888.5	8.962e+12
5889	9.015e+12
5889.5	9.069e+12
5890	9.122e+12
5890.5	9.176e+12
5891	9.231e+12
5891.5	9.286e+12
5892	9.341e+12
5892.5	9.396e+12
5893	9.45e+12
5893.5	9.506e+12
5894	9.562e+12
5894.5	9.618e+12
5895	9.674e+12
5895.5	9.731e+12
5896	9.787e+12
5896.5	9.844e+12
5897	9.902e+12
5897.5	9.959e+12
5898	1.002e+13
5898.5	1.007e+13
5899	1.013e+13
5899.5	1.019e+13
5900	1.025e+13
5900.5	1.031e+13
5901	1.037e+13
5901.5	1.043e+13
5902	1.049e+13
5902.5	1.055e+13
5903	1.061e+13
5903.5	1.067e+13
5904	1.073e+13
5904.5	1.079e+13
5905	1.085e+13
5905.5	1.091e+13
5906	1.098e+13
5906.5	1.104e+13
5907	1.11e+13
5907.5	1.116e+13
5908	1.123e+13
5908.5	1.129e+13
5909	1.135e+13
5909.5	1.142e+13
5910	1.148e+13
5910.5	1.155e+13
5911	1.161e+13
5911.5	1.168e+13
5912	1.174e+13
5912.5	1.181e+13
5913	1.187e+13
5913.5	1.194e+13
5914	1.2e+13
5914.5	1.207e+13
5915	1.214e+13
5915.5	1.221e+13
5916	1.227e+13
5916.5	1.234e+13
5917	1.241e+13
5917.5	1.248e+13
5918	1.254e+13
5918.5	1.261e+13
5919	1.268e+13
5919.5	1.275e+13
5920	1.282e+13
5920.5	1.289e+13
5921	1.296e+13
5921.5	1.303e+13
5922	1.31e+13
5922.5	1.317e+13
5923	1.324e+13
5923.5	1.331e+13
5924	1.339e+13
5924.5	1.346e+13
5925	1.353e+13
5925.5	1.36e+13
5926	1.367e+13
5926.5	1.375e+13
5927	1.382e+13
5927.5	1.389e+13
5928	1.397e+13
5928.5	1.404e+13
5929	1.411e+13
5929.5	1.419e+13
5930	1.426e+13
5930.5	1.434e+13
5931	1.441e+13
5931.5	1.449e+13
5932	1.456e+13
5932.5	1.464e+13
5933	1.472e+13
5933.5	1.479e+13
5934	1.487e+13
5934.5	1.494e+13
5935	1.502e+13
5935.5	1.51e+13
5936	1.518e+13
5936.5	1.525e+13
5937	1.533e+13
5937.5	1.541e+13
5938	1.549e+13
5938.5	1.557e+13
5939	1.565e+13
5939.5	1.573e+13
5940	1.581e+13
5940.5	1.588e+13
5941	1.597e+13
5941.5	1.605e+13
5942	1.613e+13
5942.5	1.621e+13
5943	1.629e+13
5943.5	1.637e+13
5944	1.645e+13
5944.5	1.653e+13
5945	1.661e+13
5945.5	1.67e+13
5946	1.678e+13
5946.5	1.686e+13
5947	1.695e+13
5947.5	1.703e+13
5948	1.711e+13
5948.5	1.72e+13
5949	1.728e+13
5949.5	1.736e+13
5950	1.745e+13
5950.5	1.754e+13
5951	1.762e+13
5951.5	1.771e+13
5952	1.779e+13
5952.5	1.788e+13
5953	1.796e+13
5953.5	1.805e+13
5954	1.814e+13
5954.5	1.822e+13
5955	1.831e+13
5955.5	1.84e+13
5956	1.849e+13
5956.5	1.857e+13
5957	1.866e+13
5957.5	1.875e+13
5958	1.884e+13
5958.5	1.893e+13
5959	1.902e+13
5959.5	1.911e+13
5960	1.919e+13
5960.5	1.928e+13
5961	1.937e+13
5961.5	1.946e+13
5962	1.955e+13
5962.5	1.964e+13
5963	1.973e+13
5963.5	1.982e+13
5964	1.991e+13
5964.5	2.001e+13
5965	2.01e+13
5965.5	2.019e+13
5966	2.028e+13
5966.5	2.037e+13
5967	2.046e+13
5967.5	2.055e+13
5968	2.064e+13
5968.5	2.073e+13
5969	2.083e+13
5969.5	2.092e+13
5970	2.101e+13
5970.5	2.11e+13
5971	2.119e+13
5971.5	2.128e+13
5972	2.137e+13
5972.5	2.146e+13
5973	2.156e+13
5973.5	2.165e+13
5974	2.174e+13
5974.5	2.183e+13
5975	2.192e+13
5975.5	2.201e+13
5976	2.21e+13
5976.5	2.22e+13
5977	2.229e+13
5977.5	2.238e+13
5978	2.247e+13
5978.5	2.256e+13
5979	2.265e+13
5979.5	2.274e+13
5980	2.283e+13
5980.5	2.292e+13
5981	2.301e+13
5981.5	2.31e+13
5982	2.319e+13
5982.5	2.328e+13
5983	2.337e+13
5983.5	2.346e+13
5984	2.355e+13
5984.5	2.364e+13
5985	2.373e+13
5985.5	2.383e+13
5986	2.392e+13
5986.5	2.401e+13
5987	2.41e+13
5987.5	2.419e+13
5988	2.428e+13
5988.5	2.437e+13
5989	2.446e+13
5989.5	2.455e+13
5990	2.463e+13
5990.5	2.472e+13
5991	2.482e+13
5991.5	2.49e+13
5992	2.499e+13
5992.5	2.508e+13
5993	2.517e+13
5993.5	2.526e+13
5994	2.535e+13
5994.5	2.544e+13
5995	2.553e+13
5995.5	2.562e+13
5996	2.571e+13
5996.5	2.58e+13
5997	2.589e+13
5997.5	2.598e+13
5998	2.607e+13
5998.5	2.616e+13
5999	2.625e+13
5999.5	2.634e+13
6000	2.643e+13
