Energy	Plot 1
4000	4.136e+11
4000.5	4.154e+11
4001	4.172e+11
4001.5	4.19e+11
4002	4.208e+11
4002.5	4.226e+11
4003	4.245e+11
4003.5	4.264e+11
4004	4.284e+11
4004.5	4.303e+11
4005	4.324e+11
4005.5	4.343e+11
4006	4.364e+11
4006.5	4.385e+11
4007	4.406e+11
4007.5	4.427e+11
4008	4.449e+11
4008.5	4.471e+11
4009	4.493e+11
4009.5	4.515e+11
4010	4.538e+11
4010.5	4.561e+11
4011	4.585e+11
4011.5	4.608e+11
4012	4.632e+11
4012.5	4.656e+11
4013	4.681e+11
4013.5	4.706e+11
4014	4.731e+11
4014.5	4.756e+11
4015	4.782e+11
4015.5	4.808e+11
4016	4.834e+11
4016.5	4.861e+11
4017	4.888e+11
4017.5	4.915e+11
4018	4.943e+11
4018.5	4.971e+11
4019	4.999e+11
4019.5	5.027e+11
4020	5.056e+11
4020.5	5.085e+11
4021	5.114e+11
4021.5	5.144e+11
4022	5.173e+11
4022.5	5.204e+11
4023	5.234e+11
4023.5	5.265e+11
4024	5.296e+11
4024.5	5.327e+11
4025	5.359e+11
4025.5	5.391e+11
4026	5.423e+11
4026.5	5.456e+11
4027	5.489e+11
4027.5	5.522e+11
4028	5.555e+11
4028.5	5.59e+11
4029	5.624e+11
4029.5	5.659e+11
4030	5.694e+11
4030.5	5.729e+11
4031	5.765e+11
4031.5	5.801e+11
4032	5.838e+11
4032.5	5.875e+11
4033	5.912e+11
4033.5	5.95e+11
4034	5.988e+11
4034.5	6.027e+11
4035	6.066e+11
4035.5	6.106e+11
4036	6.146e+11
4036.5	6.187e+11
4037	6.228e+11
4037.5	6.271e+11
4038	6.313e+11
4038.5	6.355e+11
4039	6.399e+11
4039.5	6.443e+11
4040	6.488e+11
4040.5	6.533e+11
4041	6.579e+11
4041.5	6.626e+11
4042	6.673e+11
4042.5	6.721e+11
4043	6.77e+11
4043.5	6.819e+11
4044	6.869e+11
4044.5	6.92e+11
4045	6.971e+11
4045.5	7.024e+11
4046	7.078e+11
4046.5	7.131e+11
4047	7.186e+11
4047.5	7.241e+11
4048	7.298e+11
4048.5	7.355e+11
4049	7.413e+11
4049.5	7.472e+11
4050	7.532e+11
4050.5	7.592e+11
4051	7.653e+11
4051.5	7.715e+11
4052	7.779e+11
4052.5	7.843e+11
4053	7.908e+11
4053.5	7.973e+11
4054	8.04e+11
4054.5	8.107e+11
4055	8.176e+11
4055.5	8.246e+11
4056	8.315e+11
4056.5	8.386e+11
4057	8.458e+11
4057.5	8.53e+11
4058	8.605e+11
4058.5	8.68e+11
4059	8.755e+11
4059.5	8.831e+11
4060	8.908e+11
4060.5	8.985e+11
4061	9.066e+11
4061.5	9.145e+11
4062	9.225e+11
4062.5	9.307e+11
4063	9.389e+11
4063.5	9.473e+11
4064	9.557e+11
4064.5	9.642e+11
4065	9.727e+11
4065.5	9.814e+11
4066	9.901e+11
4066.5	9.991e+11
4067	1.008e+12
4067.5	1.017e+12
4068	1.026e+12
4068.5	1.035e+12
4069	1.044e+12
4069.5	1.054e+12
4070	1.063e+12
4070.5	1.073e+12
4071	1.082e+12
4071.5	1.092e+12
4072	1.102e+12
4072.5	1.112e+12
4073	1.122e+12
4073.5	1.132e+12
4074	1.142e+12
4074.5	1.152e+12
4075	1.163e+12
4075.5	1.173e+12
4076	1.184e+12
4076.5	1.195e+12
4077	1.205e+12
4077.5	1.216e+12
4078	1.227e+12
4078.5	1.238e+12
4079	1.25e+12
4079.5	1.261e+12
4080	1.272e+12
4080.5	1.284e+12
4081	1.295e+12
4081.5	1.307e+12
4082	1.319e+12
4082.5	1.331e+12
4083	1.343e+12
4083.5	1.355e+12
4084	1.368e+12
4084.5	1.381e+12
4085	1.393e+12
4085.5	1.406e+12
4086	1.419e+12
4086.5	1.432e+12
4087	1.445e+12
4087.5	1.459e+12
4088	1.472e+12
4088.5	1.486e+12
4089	1.499e+12
4089.5	1.513e+12
4090	1.528e+12
4090.5	1.542e+12
4091	1.556e+12
4091.5	1.571e+12
4092	1.585e+12
4092.5	1.6e+12
4093	1.615e+12
4093.5	1.63e+12
4094	1.646e+12
4094.5	1.661e+12
4095	1.677e+12
4095.5	1.693e+12
4096	1.709e+12
4096.5	1.725e+12
4097	1.741e+12
4097.5	1.758e+12
4098	1.774e+12
4098.5	1.791e+12
4099	1.808e+12
4099.5	1.825e+12
4100	1.843e+12
4100.5	1.86e+12
4101	1.878e+12
4101.5	1.896e+12
4102	1.914e+12
4102.5	1.932e+12
4103	1.95e+12
4103.5	1.969e+12
4104	1.987e+12
4104.5	2.006e+12
4105	2.026e+12
4105.5	2.045e+12
4106	2.064e+12
4106.5	2.083e+12
4107	2.103e+12
4107.5	2.123e+12
4108	2.143e+12
4108.5	2.163e+12
4109	2.184e+12
4109.5	2.204e+12
4110	2.225e+12
4110.5	2.246e+12
4111	2.267e+12
4111.5	2.288e+12
4112	2.309e+12
4112.5	2.33e+12
4113	2.352e+12
4113.5	2.374e+12
4114	2.396e+12
4114.5	2.418e+12
4115	2.44e+12
4115.5	2.463e+12
4116	2.485e+12
4116.5	2.508e+12
4117	2.531e+12
4117.5	2.554e+12
4118	2.577e+12
4118.5	2.601e+12
4119	2.624e+12
4119.5	2.648e+12
4120	2.672e+12
4120.5	2.696e+12
4121	2.72e+12
4121.5	2.744e+12
4122	2.768e+12
4122.5	2.793e+12
4123	2.818e+12
4123.5	2.843e+12
4124	2.868e+12
4124.5	2.893e+12
4125	2.918e+12
4125.5	2.944e+12
4126	2.97e+12
4126.5	2.995e+12
4127	3.021e+12
4127.5	3.047e+12
4128	3.073e+12
4128.5	3.1e+12
4129	3.127e+12
4129.5	3.153e+12
4130	3.18e+12
4130.5	3.207e+12
4131	3.234e+12
4131.5	3.262e+12
4132	3.289e+12
4132.5	3.316e+12
4133	3.344e+12
4133.5	3.372e+12
4134	3.4e+12
4134.5	3.428e+12
4135	3.456e+12
4135.5	3.485e+12
4136	3.513e+12
4136.5	3.542e+12
4137	3.571e+12
4137.5	3.6e+12
4138	3.629e+12
4138.5	3.658e+12
4139	3.687e+12
4139.5	3.716e+12
4140	3.746e+12
4140.5	3.776e+12
4141	3.805e+12
4141.5	3.835e+12
4142	3.865e+12
4142.5	3.895e+12
4143	3.926e+12
4143.5	3.956e+12
4144	3.986e+12
4144.5	4.017e+12
4145	4.047e+12
4145.5	4.078e+12
4146	4.109e+12
4146.5	4.14e+12
4147	4.171e+12
4147.5	4.201e+12
4148	4.232e+12
4148.5	4.263e+12
4149	4.295e+12
4149.5	4.326e+12
4150	4.357e+12
4150.5	4.388e+12
4151	4.419e+12
4151.5	4.45e+12
4152	4.482e+12
4152.5	4.513e+12
4153	4.545e+12
4153.5	4.576e+12
4154	4.607e+12
4154.5	4.638e+12
4155	4.67e+12
4155.5	4.701e+12
4156	4.732e+12
4156.5	4.763e+12
4157	4.794e+12
4157.5	4.825e+12
4158	4.856e+12
4158.5	4.887e+12
4159	4.918e+12
4159.5	4.948e+12
4160	4.979e+12
4160.5	5.01e+12
4161	5.04e+12
4161.5	5.07e+12
4162	5.1e+12
4162.5	5.13e+12
4163	5.16e+12
4163.5	5.19e+12
4164	5.22e+12
4164.5	5.249e+12
4165	5.278e+12
4165.5	5.307e+12
4166	5.336e+12
4166.5	5.365e+12
4167	5.394e+12
4167.5	5.422e+12
4168	5.45e+12
4168.5	5.478e+12
4169	5.506e+12
4169.5	5.533e+12
4170	5.561e+12
4170.5	5.588e+12
4171	5.615e+12
4171.5	5.641e+12
4172	5.667e+12
4172.5	5.694e+12
4173	5.719e+12
4173.5	5.745e+12
4174	5.77e+12
4174.5	5.795e+12
4175	5.82e+12
4175.5	5.844e+12
4176	5.868e+12
4176.5	5.892e+12
4177	5.916e+12
4177.5	5.939e+12
4178	5.962e+12
4178.5	5.985e+12
4179	6.007e+12
4179.5	6.029e+12
4180	6.05e+12
4180.5	6.072e+12
4181	6.093e+12
4181.5	6.113e+12
4182	6.134e+12
4182.5	6.154e+12
4183	6.173e+12
4183.5	6.193e+12
4184	6.212e+12
4184.5	6.23e+12
4185	6.249e+12
4185.5	6.267e+12
4186	6.284e+12
4186.5	6.301e+12
4187	6.318e+12
4187.5	6.335e+12
4188	6.351e+12
4188.5	6.366e+12
4189	6.382e+12
4189.5	6.396e+12
4190	6.411e+12
4190.5	6.425e+12
4191	6.439e+12
4191.5	6.452e+12
4192	6.465e+12
4192.5	6.478e+12
4193	6.49e+12
4193.5	6.502e+12
4194	6.513e+12
4194.5	6.524e+12
4195	6.535e+12
4195.5	6.545e+12
4196	6.555e+12
4196.5	6.564e+12
4197	6.572e+12
4197.5	6.581e+12
4198	6.589e+12
4198.5	6.596e+12
4199	6.604e+12
4199.5	6.61e+12
4200	6.616e+12
4200.5	6.622e+12
4201	6.628e+12
4201.5	6.632e+12
4202	6.637e+12
4202.5	6.641e+12
4203	6.645e+12
4203.5	6.648e+12
4204	6.65e+12
4204.5	6.653e+12
4205	6.655e+12
4205.5	6.656e+12
4206	6.657e+12
4206.5	6.657e+12
4207	6.657e+12
4207.5	6.657e+12
4208	6.656e+12
4208.5	6.654e+12
4209	6.652e+12
4209.5	6.65e+12
4210	6.647e+12
4210.5	6.645e+12
4211	6.641e+12
4211.5	6.637e+12
4212	6.632e+12
4212.5	6.628e+12
4213	6.622e+12
4213.5	6.617e+12
4214	6.611e+12
4214.5	6.604e+12
4215	6.597e+12
4215.5	6.59e+12
4216	6.582e+12
4216.5	6.575e+12
4217	6.566e+12
4217.5	6.557e+12
4218	6.548e+12
4218.5	6.538e+12
4219	6.528e+12
4219.5	6.519e+12
4220	6.508e+12
4220.5	6.497e+12
4221	6.486e+12
4221.5	6.474e+12
4222	6.462e+12
4222.5	6.45e+12
4223	6.438e+12
4223.5	6.425e+12
4224	6.412e+12
4224.5	6.399e+12
4225	6.385e+12
4225.5	6.372e+12
4226	6.358e+12
4226.5	6.344e+12
4227	6.329e+12
4227.5	6.315e+12
4228	6.3e+12
4228.5	6.286e+12
4229	6.271e+12
4229.5	6.255e+12
4230	6.24e+12
4230.5	6.224e+12
4231	6.209e+12
4231.5	6.194e+12
4232	6.178e+12
4232.5	6.162e+12
4233	6.146e+12
4233.5	6.131e+12
4234	6.115e+12
4234.5	6.099e+12
4235	6.083e+12
4235.5	6.067e+12
4236	6.052e+12
4236.5	6.036e+12
4237	6.021e+12
4237.5	6.005e+12
4238	5.989e+12
4238.5	5.974e+12
4239	5.959e+12
4239.5	5.944e+12
4240	5.929e+12
4240.5	5.915e+12
4241	5.9e+12
4241.5	5.885e+12
4242	5.871e+12
4242.5	5.858e+12
4243	5.844e+12
4243.5	5.831e+12
4244	5.817e+12
4244.5	5.805e+12
4245	5.792e+12
4245.5	5.78e+12
4246	5.769e+12
4246.5	5.757e+12
4247	5.746e+12
4247.5	5.735e+12
4248	5.724e+12
4248.5	5.714e+12
4249	5.705e+12
4249.5	5.696e+12
4250	5.686e+12
4250.5	5.678e+12
4251	5.67e+12
4251.5	5.662e+12
4252	5.655e+12
4252.5	5.648e+12
4253	5.641e+12
4253.5	5.635e+12
4254	5.629e+12
4254.5	5.625e+12
4255	5.62e+12
4255.5	5.616e+12
4256	5.611e+12
4256.5	5.608e+12
4257	5.605e+12
4257.5	5.603e+12
4258	5.601e+12
4258.5	5.599e+12
4259	5.597e+12
4259.5	5.597e+12
4260	5.596e+12
4260.5	5.597e+12
4261	5.597e+12
4261.5	5.598e+12
4262	5.599e+12
4262.5	5.601e+12
4263	5.603e+12
4263.5	5.605e+12
4264	5.608e+12
4264.5	5.611e+12
4265	5.614e+12
4265.5	5.618e+12
4266	5.622e+12
4266.5	5.627e+12
4267	5.632e+12
4267.5	5.637e+12
4268	5.642e+12
4268.5	5.647e+12
4269	5.653e+12
4269.5	5.66e+12
4270	5.666e+12
4270.5	5.672e+12
4271	5.678e+12
4271.5	5.685e+12
4272	5.692e+12
4272.5	5.7e+12
4273	5.707e+12
4273.5	5.715e+12
4274	5.722e+12
4274.5	5.729e+12
4275	5.737e+12
4275.5	5.745e+12
4276	5.753e+12
4276.5	5.761e+12
4277	5.769e+12
4277.5	5.777e+12
4278	5.785e+12
4278.5	5.793e+12
4279	5.801e+12
4279.5	5.809e+12
4280	5.816e+12
4280.5	5.824e+12
4281	5.832e+12
4281.5	5.84e+12
4282	5.847e+12
4282.5	5.855e+12
4283	5.862e+12
4283.5	5.869e+12
4284	5.876e+12
4284.5	5.883e+12
4285	5.889e+12
4285.5	5.895e+12
4286	5.901e+12
4286.5	5.907e+12
4287	5.913e+12
4287.5	5.919e+12
4288	5.924e+12
4288.5	5.929e+12
4289	5.933e+12
4289.5	5.937e+12
4290	5.942e+12
4290.5	5.946e+12
4291	5.949e+12
4291.5	5.952e+12
4292	5.955e+12
4292.5	5.958e+12
4293	5.961e+12
4293.5	5.963e+12
4294	5.965e+12
4294.5	5.966e+12
4295	5.967e+12
4295.5	5.968e+12
4296	5.97e+12
4296.5	5.97e+12
4297	5.971e+12
4297.5	5.97e+12
4298	5.97e+12
4298.5	5.969e+12
4299	5.969e+12
4299.5	5.968e+12
4300	5.967e+12
4300.5	5.965e+12
4301	5.963e+12
4301.5	5.962e+12
4302	5.959e+12
4302.5	5.957e+12
4303	5.955e+12
4303.5	5.952e+12
4304	5.949e+12
4304.5	5.946e+12
4305	5.943e+12
4305.5	5.939e+12
4306	5.936e+12
4306.5	5.932e+12
4307	5.928e+12
4307.5	5.925e+12
4308	5.921e+12
4308.5	5.917e+12
4309	5.913e+12
4309.5	5.909e+12
4310	5.905e+12
4310.5	5.902e+12
4311	5.898e+12
4311.5	5.894e+12
4312	5.89e+12
4312.5	5.886e+12
4313	5.882e+12
4313.5	5.878e+12
4314	5.875e+12
4314.5	5.871e+12
4315	5.868e+12
4315.5	5.864e+12
4316	5.861e+12
4316.5	5.858e+12
4317	5.855e+12
4317.5	5.852e+12
4318	5.849e+12
4318.5	5.846e+12
4319	5.843e+12
4319.5	5.841e+12
4320	5.839e+12
4320.5	5.836e+12
4321	5.834e+12
4321.5	5.832e+12
4322	5.83e+12
4322.5	5.828e+12
4323	5.827e+12
4323.5	5.825e+12
4324	5.824e+12
4324.5	5.822e+12
4325	5.821e+12
4325.5	5.82e+12
4326	5.819e+12
4326.5	5.818e+12
4327	5.817e+12
4327.5	5.816e+12
4328	5.815e+12
4328.5	5.815e+12
4329	5.814e+12
4329.5	5.814e+12
4330	5.814e+12
4330.5	5.813e+12
4331	5.813e+12
4331.5	5.813e+12
4332	5.813e+12
4332.5	5.813e+12
4333	5.813e+12
4333.5	5.813e+12
4334	5.813e+12
4334.5	5.814e+12
4335	5.814e+12
4335.5	5.814e+12
4336	5.814e+12
4336.5	5.815e+12
4337	5.815e+12
4337.5	5.815e+12
4338	5.816e+12
4338.5	5.816e+12
4339	5.817e+12
4339.5	5.817e+12
4340	5.818e+12
4340.5	5.819e+12
4341	5.819e+12
4341.5	5.82e+12
4342	5.82e+12
4342.5	5.821e+12
4343	5.822e+12
4343.5	5.823e+12
4344	5.824e+12
4344.5	5.824e+12
4345	5.825e+12
4345.5	5.826e+12
4346	5.827e+12
4346.5	5.829e+12
4347	5.83e+12
4347.5	5.831e+12
4348	5.832e+12
4348.5	5.834e+12
4349	5.835e+12
4349.5	5.836e+12
4350	5.838e+12
4350.5	5.84e+12
4351	5.841e+12
4351.5	5.843e+12
4352	5.845e+12
4352.5	5.846e+12
4353	5.848e+12
4353.5	5.85e+12
4354	5.852e+12
4354.5	5.854e+12
4355	5.856e+12
4355.5	5.858e+12
4356	5.86e+12
4356.5	5.862e+12
4357	5.863e+12
4357.5	5.865e+12
4358	5.867e+12
4358.5	5.869e+12
4359	5.871e+12
4359.5	5.872e+12
4360	5.874e+12
4360.5	5.875e+12
4361	5.877e+12
4361.5	5.878e+12
4362	5.879e+12
4362.5	5.88e+12
4363	5.881e+12
4363.5	5.882e+12
4364	5.883e+12
4364.5	5.883e+12
4365	5.884e+12
4365.5	5.884e+12
4366	5.884e+12
4366.5	5.884e+12
4367	5.884e+12
4367.5	5.884e+12
4368	5.884e+12
4368.5	5.883e+12
4369	5.883e+12
4369.5	5.882e+12
4370	5.881e+12
4370.5	5.88e+12
4371	5.879e+12
4371.5	5.877e+12
4372	5.876e+12
4372.5	5.874e+12
4373	5.873e+12
4373.5	5.871e+12
4374	5.869e+12
4374.5	5.867e+12
4375	5.866e+12
4375.5	5.863e+12
4376	5.861e+12
4376.5	5.859e+12
4377	5.857e+12
4377.5	5.855e+12
4378	5.853e+12
4378.5	5.851e+12
4379	5.848e+12
4379.5	5.846e+12
4380	5.844e+12
4380.5	5.842e+12
4381	5.841e+12
4381.5	5.838e+12
4382	5.837e+12
4382.5	5.835e+12
4383	5.833e+12
4383.5	5.832e+12
4384	5.831e+12
4384.5	5.829e+12
4385	5.828e+12
4385.5	5.827e+12
4386	5.827e+12
4386.5	5.826e+12
4387	5.826e+12
4387.5	5.825e+12
4388	5.825e+12
4388.5	5.825e+12
4389	5.825e+12
4389.5	5.826e+12
4390	5.827e+12
4390.5	5.827e+12
4391	5.828e+12
4391.5	5.829e+12
4392	5.83e+12
4392.5	5.831e+12
4393	5.833e+12
4393.5	5.834e+12
4394	5.836e+12
4394.5	5.837e+12
4395	5.839e+12
4395.5	5.841e+12
4396	5.843e+12
4396.5	5.844e+12
4397	5.846e+12
4397.5	5.848e+12
4398	5.85e+12
4398.5	5.852e+12
4399	5.854e+12
4399.5	5.855e+12
4400	5.857e+12
4400.5	5.858e+12
4401	5.86e+12
4401.5	5.861e+12
4402	5.863e+12
4402.5	5.864e+12
4403	5.865e+12
4403.5	5.866e+12
4404	5.867e+12
4404.5	5.868e+12
4405	5.868e+12
4405.5	5.869e+12
4406	5.869e+12
4406.5	5.869e+12
4407	5.869e+12
4407.5	5.87e+12
4408	5.87e+12
4408.5	5.869e+12
4409	5.869e+12
4409.5	5.868e+12
4410	5.868e+12
4410.5	5.868e+12
4411	5.867e+12
4411.5	5.866e+12
4412	5.865e+12
4412.5	5.864e+12
4413	5.863e+12
4413.5	5.862e+12
4414	5.861e+12
4414.5	5.859e+12
4415	5.858e+12
4415.5	5.857e+12
4416	5.855e+12
4416.5	5.855e+12
4417	5.853e+12
4417.5	5.852e+12
4418	5.85e+12
4418.5	5.849e+12
4419	5.848e+12
4419.5	5.847e+12
4420	5.846e+12
4420.5	5.844e+12
4421	5.843e+12
4421.5	5.842e+12
4422	5.841e+12
4422.5	5.84e+12
4423	5.839e+12
4423.5	5.838e+12
4424	5.837e+12
4424.5	5.837e+12
4425	5.836e+12
4425.5	5.836e+12
4426	5.835e+12
4426.5	5.834e+12
4427	5.834e+12
4427.5	5.834e+12
4428	5.834e+12
4428.5	5.834e+12
4429	5.834e+12
4429.5	5.833e+12
4430	5.834e+12
4430.5	5.834e+12
4431	5.834e+12
4431.5	5.834e+12
4432	5.835e+12
4432.5	5.835e+12
4433	5.835e+12
4433.5	5.835e+12
4434	5.836e+12
4434.5	5.836e+12
4435	5.837e+12
4435.5	5.837e+12
4436	5.837e+12
4436.5	5.838e+12
4437	5.838e+12
4437.5	5.839e+12
4438	5.839e+12
4438.5	5.839e+12
4439	5.84e+12
4439.5	5.84e+12
4440	5.841e+12
4440.5	5.841e+12
4441	5.841e+12
4441.5	5.841e+12
4442	5.841e+12
4442.5	5.842e+12
4443	5.842e+12
4443.5	5.842e+12
4444	5.842e+12
4444.5	5.842e+12
4445	5.842e+12
4445.5	5.843e+12
4446	5.843e+12
4446.5	5.843e+12
4447	5.843e+12
4447.5	5.843e+12
4448	5.843e+12
4448.5	5.843e+12
4449	5.844e+12
4449.5	5.844e+12
4450	5.844e+12
4450.5	5.844e+12
4451	5.844e+12
4451.5	5.845e+12
4452	5.845e+12
4452.5	5.845e+12
4453	5.845e+12
4453.5	5.845e+12
4454	5.846e+12
4454.5	5.846e+12
4455	5.847e+12
4455.5	5.847e+12
4456	5.847e+12
4456.5	5.847e+12
4457	5.847e+12
4457.5	5.848e+12
4458	5.848e+12
4458.5	5.848e+12
4459	5.848e+12
4459.5	5.848e+12
4460	5.848e+12
4460.5	5.849e+12
4461	5.849e+12
4461.5	5.849e+12
4462	5.849e+12
4462.5	5.849e+12
4463	5.849e+12
4463.5	5.849e+12
4464	5.849e+12
4464.5	5.849e+12
4465	5.848e+12
4465.5	5.848e+12
4466	5.848e+12
4466.5	5.847e+12
4467	5.847e+12
4467.5	5.847e+12
4468	5.846e+12
4468.5	5.846e+12
4469	5.846e+12
4469.5	5.845e+12
4470	5.845e+12
4470.5	5.844e+12
4471	5.843e+12
4471.5	5.843e+12
4472	5.843e+12
4472.5	5.843e+12
4473	5.843e+12
4473.5	5.842e+12
4474	5.842e+12
4474.5	5.841e+12
4475	5.842e+12
4475.5	5.841e+12
4476	5.841e+12
4476.5	5.841e+12
4477	5.841e+12
4477.5	5.841e+12
4478	5.841e+12
4478.5	5.841e+12
4479	5.841e+12
4479.5	5.841e+12
4480	5.841e+12
4480.5	5.841e+12
4481	5.842e+12
4481.5	5.842e+12
4482	5.842e+12
4482.5	5.842e+12
4483	5.842e+12
4483.5	5.842e+12
4484	5.842e+12
4484.5	5.843e+12
4485	5.843e+12
4485.5	5.842e+12
4486	5.842e+12
4486.5	5.842e+12
4487	5.842e+12
4487.5	5.842e+12
4488	5.841e+12
4488.5	5.841e+12
4489	5.84e+12
4489.5	5.84e+12
4490	5.84e+12
4490.5	5.839e+12
4491	5.838e+12
4491.5	5.838e+12
4492	5.836e+12
4492.5	5.836e+12
4493	5.835e+12
4493.5	5.834e+12
4494	5.833e+12
4494.5	5.832e+12
4495	5.831e+12
4495.5	5.83e+12
4496	5.829e+12
4496.5	5.828e+12
4497	5.827e+12
4497.5	5.826e+12
4498	5.825e+12
4498.5	5.824e+12
4499	5.823e+12
4499.5	5.823e+12
4500	5.822e+12
4500.5	5.821e+12
4501	5.82e+12
4501.5	5.82e+12
4502	5.819e+12
4502.5	5.819e+12
4503	5.819e+12
4503.5	5.818e+12
4504	5.818e+12
4504.5	5.818e+12
4505	5.818e+12
4505.5	5.818e+12
4506	5.818e+12
4506.5	5.818e+12
4507	5.818e+12
4507.5	5.819e+12
4508	5.819e+12
4508.5	5.82e+12
4509	5.82e+12
4509.5	5.821e+12
4510	5.821e+12
4510.5	5.822e+12
4511	5.822e+12
4511.5	5.823e+12
4512	5.823e+12
4512.5	5.824e+12
4513	5.824e+12
4513.5	5.825e+12
4514	5.825e+12
4514.5	5.826e+12
4515	5.826e+12
4515.5	5.826e+12
4516	5.827e+12
4516.5	5.827e+12
4517	5.827e+12
4517.5	5.827e+12
4518	5.827e+12
4518.5	5.827e+12
4519	5.827e+12
4519.5	5.827e+12
4520	5.827e+12
4520.5	5.827e+12
4521	5.827e+12
4521.5	5.827e+12
4522	5.826e+12
4522.5	5.826e+12
4523	5.826e+12
4523.5	5.826e+12
4524	5.825e+12
4524.5	5.825e+12
4525	5.825e+12
4525.5	5.825e+12
4526	5.825e+12
4526.5	5.825e+12
4527	5.825e+12
4527.5	5.825e+12
4528	5.825e+12
4528.5	5.825e+12
4529	5.825e+12
4529.5	5.825e+12
4530	5.826e+12
4530.5	5.826e+12
4531	5.827e+12
4531.5	5.827e+12
4532	5.828e+12
4532.5	5.829e+12
4533	5.829e+12
4533.5	5.83e+12
4534	5.831e+12
4534.5	5.832e+12
4535	5.833e+12
4535.5	5.834e+12
4536	5.835e+12
4536.5	5.835e+12
4537	5.836e+12
4537.5	5.837e+12
4538	5.838e+12
4538.5	5.839e+12
4539	5.84e+12
4539.5	5.841e+12
4540	5.842e+12
4540.5	5.842e+12
4541	5.843e+12
4541.5	5.843e+12
4542	5.844e+12
4542.5	5.845e+12
4543	5.844e+12
4543.5	5.845e+12
4544	5.845e+12
4544.5	5.845e+12
4545	5.845e+12
4545.5	5.845e+12
4546	5.845e+12
4546.5	5.844e+12
4547	5.844e+12
4547.5	5.844e+12
4548	5.843e+12
4548.5	5.843e+12
4549	5.842e+12
4549.5	5.841e+12
4550	5.841e+12
4550.5	5.84e+12
4551	5.84e+12
4551.5	5.839e+12
4552	5.838e+12
4552.5	5.838e+12
4553	5.837e+12
4553.5	5.837e+12
4554	5.836e+12
4554.5	5.836e+12
4555	5.835e+12
4555.5	5.835e+12
4556	5.835e+12
4556.5	5.834e+12
4557	5.834e+12
4557.5	5.835e+12
4558	5.834e+12
4558.5	5.834e+12
4559	5.834e+12
4559.5	5.834e+12
4560	5.834e+12
4560.5	5.835e+12
4561	5.835e+12
4561.5	5.835e+12
4562	5.835e+12
4562.5	5.835e+12
4563	5.836e+12
4563.5	5.836e+12
4564	5.835e+12
4564.5	5.835e+12
4565	5.835e+12
4565.5	5.835e+12
4566	5.835e+12
4566.5	5.835e+12
4567	5.835e+12
4567.5	5.834e+12
4568	5.834e+12
4568.5	5.833e+12
4569	5.833e+12
4569.5	5.831e+12
4570	5.831e+12
4570.5	5.83e+12
4571	5.829e+12
4571.5	5.827e+12
4572	5.826e+12
4572.5	5.825e+12
4573	5.823e+12
4573.5	5.822e+12
4574	5.82e+12
4574.5	5.819e+12
4575	5.817e+12
4575.5	5.815e+12
4576	5.814e+12
4576.5	5.812e+12
4577	5.811e+12
4577.5	5.809e+12
4578	5.808e+12
4578.5	5.806e+12
4579	5.805e+12
4579.5	5.803e+12
4580	5.802e+12
4580.5	5.801e+12
4581	5.801e+12
4581.5	5.799e+12
4582	5.799e+12
4582.5	5.798e+12
4583	5.797e+12
4583.5	5.797e+12
4584	5.797e+12
4584.5	5.797e+12
4585	5.797e+12
4585.5	5.797e+12
4586	5.797e+12
4586.5	5.798e+12
4587	5.798e+12
4587.5	5.798e+12
4588	5.799e+12
4588.5	5.8e+12
4589	5.801e+12
4589.5	5.802e+12
4590	5.803e+12
4590.5	5.803e+12
4591	5.804e+12
4591.5	5.805e+12
4592	5.805e+12
4592.5	5.806e+12
4593	5.807e+12
4593.5	5.807e+12
4594	5.808e+12
4594.5	5.809e+12
4595	5.809e+12
4595.5	5.81e+12
4596	5.81e+12
4596.5	5.81e+12
4597	5.81e+12
4597.5	5.81e+12
4598	5.809e+12
4598.5	5.809e+12
4599	5.809e+12
4599.5	5.808e+12
4600	5.808e+12
4600.5	5.807e+12
4601	5.806e+12
4601.5	5.806e+12
4602	5.805e+12
4602.5	5.804e+12
4603	5.803e+12
4603.5	5.802e+12
4604	5.801e+12
4604.5	5.8e+12
4605	5.799e+12
4605.5	5.798e+12
4606	5.797e+12
4606.5	5.796e+12
4607	5.795e+12
4607.5	5.795e+12
4608	5.794e+12
4608.5	5.793e+12
4609	5.793e+12
4609.5	5.792e+12
4610	5.792e+12
4610.5	5.792e+12
4611	5.792e+12
4611.5	5.791e+12
4612	5.792e+12
4612.5	5.792e+12
4613	5.792e+12
4613.5	5.792e+12
4614	5.793e+12
4614.5	5.793e+12
4615	5.793e+12
4615.5	5.794e+12
4616	5.795e+12
4616.5	5.795e+12
4617	5.796e+12
4617.5	5.796e+12
4618	5.797e+12
4618.5	5.798e+12
4619	5.799e+12
4619.5	5.799e+12
4620	5.8e+12
4620.5	5.8e+12
4621	5.8e+12
4621.5	5.8e+12
4622	5.801e+12
4622.5	5.801e+12
4623	5.801e+12
4623.5	5.801e+12
4624	5.801e+12
4624.5	5.8e+12
4625	5.801e+12
4625.5	5.8e+12
4626	5.799e+12
4626.5	5.798e+12
4627	5.797e+12
4627.5	5.796e+12
4628	5.796e+12
4628.5	5.795e+12
4629	5.793e+12
4629.5	5.791e+12
4630	5.79e+12
4630.5	5.788e+12
4631	5.787e+12
4631.5	5.785e+12
4632	5.783e+12
4632.5	5.781e+12
4633	5.779e+12
4633.5	5.777e+12
4634	5.775e+12
4634.5	5.773e+12
4635	5.771e+12
4635.5	5.768e+12
4636	5.766e+12
4636.5	5.764e+12
4637	5.762e+12
4637.5	5.76e+12
4638	5.758e+12
4638.5	5.755e+12
4639	5.753e+12
4639.5	5.752e+12
4640	5.75e+12
4640.5	5.748e+12
4641	5.746e+12
4641.5	5.745e+12
4642	5.743e+12
4642.5	5.742e+12
4643	5.741e+12
4643.5	5.74e+12
4644	5.739e+12
4644.5	5.737e+12
4645	5.737e+12
4645.5	5.737e+12
4646	5.736e+12
4646.5	5.736e+12
4647	5.736e+12
4647.5	5.735e+12
4648	5.735e+12
4648.5	5.736e+12
4649	5.736e+12
4649.5	5.736e+12
4650	5.737e+12
4650.5	5.737e+12
4651	5.738e+12
4651.5	5.739e+12
4652	5.74e+12
4652.5	5.741e+12
4653	5.742e+12
4653.5	5.742e+12
4654	5.743e+12
4654.5	5.745e+12
4655	5.746e+12
4655.5	5.747e+12
4656	5.748e+12
4656.5	5.749e+12
4657	5.75e+12
4657.5	5.751e+12
4658	5.752e+12
4658.5	5.753e+12
4659	5.754e+12
4659.5	5.754e+12
4660	5.755e+12
4660.5	5.756e+12
4661	5.756e+12
4661.5	5.757e+12
4662	5.757e+12
4662.5	5.756e+12
4663	5.757e+12
4663.5	5.757e+12
4664	5.756e+12
4664.5	5.756e+12
4665	5.755e+12
4665.5	5.754e+12
4666	5.754e+12
4666.5	5.753e+12
4667	5.752e+12
4667.5	5.751e+12
4668	5.75e+12
4668.5	5.749e+12
4669	5.748e+12
4669.5	5.746e+12
4670	5.745e+12
4670.5	5.744e+12
4671	5.742e+12
4671.5	5.74e+12
4672	5.739e+12
4672.5	5.738e+12
4673	5.736e+12
4673.5	5.735e+12
4674	5.734e+12
4674.5	5.732e+12
4675	5.731e+12
4675.5	5.73e+12
4676	5.729e+12
4676.5	5.728e+12
4677	5.727e+12
4677.5	5.725e+12
4678	5.725e+12
4678.5	5.724e+12
4679	5.724e+12
4679.5	5.723e+12
4680	5.723e+12
4680.5	5.723e+12
4681	5.723e+12
4681.5	5.723e+12
4682	5.723e+12
4682.5	5.723e+12
4683	5.722e+12
4683.5	5.723e+12
4684	5.724e+12
4684.5	5.724e+12
4685	5.725e+12
4685.5	5.725e+12
4686	5.726e+12
4686.5	5.727e+12
4687	5.728e+12
4687.5	5.729e+12
4688	5.73e+12
4688.5	5.731e+12
4689	5.731e+12
4689.5	5.733e+12
4690	5.734e+12
4690.5	5.735e+12
4691	5.736e+12
4691.5	5.737e+12
4692	5.737e+12
4692.5	5.739e+12
4693	5.74e+12
4693.5	5.741e+12
4694	5.742e+12
4694.5	5.743e+12
4695	5.743e+12
4695.5	5.744e+12
4696	5.745e+12
4696.5	5.746e+12
4697	5.746e+12
4697.5	5.747e+12
4698	5.747e+12
4698.5	5.747e+12
4699	5.748e+12
4699.5	5.748e+12
4700	5.748e+12
4700.5	5.748e+12
4701	5.748e+12
4701.5	5.748e+12
4702	5.748e+12
4702.5	5.748e+12
4703	5.747e+12
4703.5	5.747e+12
4704	5.746e+12
4704.5	5.746e+12
4705	5.745e+12
4705.5	5.744e+12
4706	5.744e+12
4706.5	5.743e+12
4707	5.742e+12
4707.5	5.741e+12
4708	5.74e+12
4708.5	5.738e+12
4709	5.737e+12
4709.5	5.736e+12
4710	5.735e+12
4710.5	5.733e+12
4711	5.732e+12
4711.5	5.731e+12
4712	5.729e+12
4712.5	5.728e+12
4713	5.726e+12
4713.5	5.725e+12
4714	5.724e+12
4714.5	5.722e+12
4715	5.721e+12
4715.5	5.719e+12
4716	5.718e+12
4716.5	5.717e+12
4717	5.715e+12
4717.5	5.714e+12
4718	5.712e+12
4718.5	5.711e+12
4719	5.71e+12
4719.5	5.709e+12
4720	5.707e+12
4720.5	5.706e+12
4721	5.705e+12
4721.5	5.704e+12
4722	5.703e+12
4722.5	5.702e+12
4723	5.701e+12
4723.5	5.7e+12
4724	5.699e+12
4724.5	5.698e+12
4725	5.697e+12
4725.5	5.696e+12
4726	5.695e+12
4726.5	5.694e+12
4727	5.693e+12
4727.5	5.693e+12
4728	5.692e+12
4728.5	5.691e+12
4729	5.691e+12
4729.5	5.69e+12
4730	5.689e+12
4730.5	5.689e+12
4731	5.688e+12
4731.5	5.687e+12
4732	5.687e+12
4732.5	5.686e+12
4733	5.686e+12
4733.5	5.686e+12
4734	5.685e+12
4734.5	5.684e+12
4735	5.684e+12
4735.5	5.684e+12
4736	5.683e+12
4736.5	5.683e+12
4737	5.683e+12
4737.5	5.682e+12
4738	5.682e+12
4738.5	5.682e+12
4739	5.681e+12
4739.5	5.681e+12
4740	5.681e+12
4740.5	5.681e+12
4741	5.68e+12
4741.5	5.68e+12
4742	5.68e+12
4742.5	5.68e+12
4743	5.68e+12
4743.5	5.679e+12
4744	5.679e+12
4744.5	5.679e+12
4745	5.679e+12
4745.5	5.679e+12
4746	5.679e+12
4746.5	5.678e+12
4747	5.678e+12
4747.5	5.678e+12
4748	5.678e+12
4748.5	5.678e+12
4749	5.678e+12
4749.5	5.677e+12
4750	5.677e+12
4750.5	5.677e+12
4751	5.677e+12
4751.5	5.677e+12
4752	5.676e+12
4752.5	5.676e+12
4753	5.676e+12
4753.5	5.676e+12
4754	5.676e+12
4754.5	5.675e+12
4755	5.675e+12
4755.5	5.674e+12
4756	5.674e+12
4756.5	5.674e+12
4757	5.674e+12
4757.5	5.673e+12
4758	5.672e+12
4758.5	5.672e+12
4759	5.671e+12
4759.5	5.671e+12
4760	5.67e+12
4760.5	5.67e+12
4761	5.669e+12
4761.5	5.668e+12
4762	5.667e+12
4762.5	5.667e+12
4763	5.666e+12
4763.5	5.665e+12
4764	5.664e+12
4764.5	5.663e+12
4765	5.662e+12
4765.5	5.661e+12
4766	5.66e+12
4766.5	5.659e+12
4767	5.657e+12
4767.5	5.656e+12
4768	5.655e+12
4768.5	5.653e+12
4769	5.652e+12
4769.5	5.651e+12
4770	5.649e+12
4770.5	5.647e+12
4771	5.646e+12
4771.5	5.644e+12
4772	5.643e+12
4772.5	5.641e+12
4773	5.639e+12
4773.5	5.638e+12
4774	5.636e+12
4774.5	5.634e+12
4775	5.633e+12
4775.5	5.631e+12
4776	5.629e+12
4776.5	5.627e+12
4777	5.625e+12
4777.5	5.624e+12
4778	5.622e+12
4778.5	5.62e+12
4779	5.618e+12
4779.5	5.616e+12
4780	5.614e+12
4780.5	5.613e+12
4781	5.611e+12
4781.5	5.609e+12
4782	5.607e+12
4782.5	5.606e+12
4783	5.604e+12
4783.5	5.603e+12
4784	5.601e+12
4784.5	5.6e+12
4785	5.598e+12
4785.5	5.597e+12
4786	5.595e+12
4786.5	5.594e+12
4787	5.593e+12
4787.5	5.592e+12
4788	5.591e+12
4788.5	5.59e+12
4789	5.589e+12
4789.5	5.588e+12
4790	5.587e+12
4790.5	5.587e+12
4791	5.586e+12
4791.5	5.585e+12
4792	5.585e+12
4792.5	5.585e+12
4793	5.584e+12
4793.5	5.584e+12
4794	5.584e+12
4794.5	5.584e+12
4795	5.584e+12
4795.5	5.584e+12
4796	5.584e+12
4796.5	5.584e+12
4797	5.585e+12
4797.5	5.585e+12
4798	5.586e+12
4798.5	5.587e+12
4799	5.587e+12
4799.5	5.588e+12
4800	5.589e+12
4800.5	5.589e+12
4801	5.591e+12
4801.5	5.592e+12
4802	5.593e+12
4802.5	5.593e+12
4803	5.595e+12
4803.5	5.596e+12
4804	5.597e+12
4804.5	5.599e+12
4805	5.6e+12
4805.5	5.601e+12
4806	5.602e+12
4806.5	5.603e+12
4807	5.605e+12
4807.5	5.606e+12
4808	5.608e+12
4808.5	5.609e+12
4809	5.61e+12
4809.5	5.611e+12
4810	5.613e+12
4810.5	5.614e+12
4811	5.615e+12
4811.5	5.616e+12
4812	5.617e+12
4812.5	5.618e+12
4813	5.62e+12
4813.5	5.621e+12
4814	5.621e+12
4814.5	5.622e+12
4815	5.623e+12
4815.5	5.623e+12
4816	5.624e+12
4816.5	5.625e+12
4817	5.625e+12
4817.5	5.625e+12
4818	5.625e+12
4818.5	5.625e+12
4819	5.625e+12
4819.5	5.625e+12
4820	5.625e+12
4820.5	5.624e+12
4821	5.624e+12
4821.5	5.623e+12
4822	5.623e+12
4822.5	5.622e+12
4823	5.621e+12
4823.5	5.62e+12
4824	5.618e+12
4824.5	5.617e+12
4825	5.616e+12
4825.5	5.614e+12
4826	5.613e+12
4826.5	5.61e+12
4827	5.609e+12
4827.5	5.607e+12
4828	5.605e+12
4828.5	5.603e+12
4829	5.6e+12
4829.5	5.598e+12
4830	5.595e+12
4830.5	5.593e+12
4831	5.59e+12
4831.5	5.587e+12
4832	5.585e+12
4832.5	5.581e+12
4833	5.578e+12
4833.5	5.576e+12
4834	5.573e+12
4834.5	5.57e+12
4835	5.567e+12
4835.5	5.563e+12
4836	5.56e+12
4836.5	5.557e+12
4837	5.554e+12
4837.5	5.551e+12
4838	5.547e+12
4838.5	5.544e+12
4839	5.541e+12
4839.5	5.538e+12
4840	5.535e+12
4840.5	5.532e+12
4841	5.529e+12
4841.5	5.525e+12
4842	5.522e+12
4842.5	5.52e+12
4843	5.517e+12
4843.5	5.514e+12
4844	5.512e+12
4844.5	5.509e+12
4845	5.506e+12
4845.5	5.504e+12
4846	5.502e+12
4846.5	5.5e+12
4847	5.498e+12
4847.5	5.495e+12
4848	5.494e+12
4848.5	5.492e+12
4849	5.49e+12
4849.5	5.489e+12
4850	5.488e+12
4850.5	5.486e+12
4851	5.485e+12
4851.5	5.485e+12
4852	5.484e+12
4852.5	5.483e+12
4853	5.483e+12
4853.5	5.482e+12
4854	5.482e+12
4854.5	5.482e+12
4855	5.482e+12
4855.5	5.482e+12
4856	5.482e+12
4856.5	5.482e+12
4857	5.483e+12
4857.5	5.484e+12
4858	5.485e+12
4858.5	5.486e+12
4859	5.487e+12
4859.5	5.488e+12
4860	5.489e+12
4860.5	5.491e+12
4861	5.492e+12
4861.5	5.494e+12
4862	5.496e+12
4862.5	5.497e+12
4863	5.499e+12
4863.5	5.501e+12
4864	5.503e+12
4864.5	5.505e+12
4865	5.507e+12
4865.5	5.509e+12
4866	5.512e+12
4866.5	5.514e+12
4867	5.516e+12
4867.5	5.518e+12
4868	5.521e+12
4868.5	5.523e+12
4869	5.525e+12
4869.5	5.528e+12
4870	5.53e+12
4870.5	5.532e+12
4871	5.534e+12
4871.5	5.537e+12
4872	5.539e+12
4872.5	5.541e+12
4873	5.543e+12
4873.5	5.545e+12
4874	5.547e+12
4874.5	5.549e+12
4875	5.551e+12
4875.5	5.553e+12
4876	5.555e+12
4876.5	5.556e+12
4877	5.558e+12
4877.5	5.559e+12
4878	5.561e+12
4878.5	5.562e+12
4879	5.563e+12
4879.5	5.564e+12
4880	5.565e+12
4880.5	5.566e+12
4881	5.567e+12
4881.5	5.568e+12
4882	5.569e+12
4882.5	5.569e+12
4883	5.569e+12
4883.5	5.57e+12
4884	5.57e+12
4884.5	5.57e+12
4885	5.57e+12
4885.5	5.57e+12
4886	5.569e+12
4886.5	5.569e+12
4887	5.569e+12
4887.5	5.568e+12
4888	5.568e+12
4888.5	5.567e+12
4889	5.566e+12
4889.5	5.565e+12
4890	5.564e+12
4890.5	5.563e+12
4891	5.562e+12
4891.5	5.561e+12
4892	5.559e+12
4892.5	5.558e+12
4893	5.557e+12
4893.5	5.555e+12
4894	5.554e+12
4894.5	5.552e+12
4895	5.551e+12
4895.5	5.549e+12
4896	5.548e+12
4896.5	5.546e+12
4897	5.544e+12
4897.5	5.543e+12
4898	5.541e+12
4898.5	5.54e+12
4899	5.538e+12
4899.5	5.536e+12
4900	5.535e+12
4900.5	5.533e+12
4901	5.532e+12
4901.5	5.53e+12
4902	5.529e+12
4902.5	5.527e+12
4903	5.526e+12
4903.5	5.524e+12
4904	5.523e+12
4904.5	5.522e+12
4905	5.521e+12
4905.5	5.52e+12
4906	5.519e+12
4906.5	5.518e+12
4907	5.517e+12
4907.5	5.516e+12
4908	5.515e+12
4908.5	5.514e+12
4909	5.514e+12
4909.5	5.513e+12
4910	5.513e+12
4910.5	5.513e+12
4911	5.513e+12
4911.5	5.512e+12
4912	5.512e+12
4912.5	5.512e+12
4913	5.513e+12
4913.5	5.513e+12
4914	5.513e+12
4914.5	5.514e+12
4915	5.514e+12
4915.5	5.515e+12
4916	5.515e+12
4916.5	5.516e+12
4917	5.517e+12
4917.5	5.518e+12
4918	5.519e+12
4918.5	5.52e+12
4919	5.521e+12
4919.5	5.522e+12
4920	5.524e+12
4920.5	5.525e+12
4921	5.526e+12
4921.5	5.528e+12
4922	5.529e+12
4922.5	5.531e+12
4923	5.532e+12
4923.5	5.534e+12
4924	5.535e+12
4924.5	5.537e+12
4925	5.539e+12
4925.5	5.54e+12
4926	5.542e+12
4926.5	5.543e+12
4927	5.545e+12
4927.5	5.547e+12
4928	5.548e+12
4928.5	5.55e+12
4929	5.552e+12
4929.5	5.553e+12
4930	5.555e+12
4930.5	5.556e+12
4931	5.557e+12
4931.5	5.559e+12
4932	5.56e+12
4932.5	5.561e+12
4933	5.563e+12
4933.5	5.564e+12
4934	5.565e+12
4934.5	5.566e+12
4935	5.566e+12
4935.5	5.567e+12
4936	5.568e+12
4936.5	5.569e+12
4937	5.569e+12
4937.5	5.569e+12
4938	5.57e+12
4938.5	5.57e+12
4939	5.57e+12
4939.5	5.57e+12
4940	5.569e+12
4940.5	5.569e+12
4941	5.569e+12
4941.5	5.568e+12
4942	5.568e+12
4942.5	5.567e+12
4943	5.565e+12
4943.5	5.564e+12
4944	5.563e+12
4944.5	5.562e+12
4945	5.561e+12
4945.5	5.559e+12
4946	5.557e+12
4946.5	5.555e+12
4947	5.553e+12
4947.5	5.551e+12
4948	5.549e+12
4948.5	5.547e+12
4949	5.544e+12
4949.5	5.541e+12
4950	5.539e+12
4950.5	5.536e+12
4951	5.533e+12
4951.5	5.53e+12
4952	5.527e+12
4952.5	5.523e+12
4953	5.52e+12
4953.5	5.517e+12
4954	5.514e+12
4954.5	5.51e+12
4955	5.506e+12
4955.5	5.502e+12
4956	5.499e+12
4956.5	5.495e+12
4957	5.491e+12
4957.5	5.487e+12
4958	5.483e+12
4958.5	5.479e+12
4959	5.475e+12
4959.5	5.471e+12
4960	5.467e+12
4960.5	5.463e+12
4961	5.459e+12
4961.5	5.455e+12
4962	5.451e+12
4962.5	5.447e+12
4963	5.443e+12
4963.5	5.439e+12
4964	5.435e+12
4964.5	5.431e+12
4965	5.427e+12
4965.5	5.423e+12
4966	5.42e+12
4966.5	5.416e+12
4967	5.412e+12
4967.5	5.409e+12
4968	5.405e+12
4968.5	5.402e+12
4969	5.399e+12
4969.5	5.396e+12
4970	5.393e+12
4970.5	5.39e+12
4971	5.387e+12
4971.5	5.385e+12
4972	5.383e+12
4972.5	5.38e+12
4973	5.378e+12
4973.5	5.376e+12
4974	5.374e+12
4974.5	5.373e+12
4975	5.371e+12
4975.5	5.37e+12
4976	5.368e+12
4976.5	5.367e+12
4977	5.366e+12
4977.5	5.366e+12
4978	5.366e+12
4978.5	5.366e+12
4979	5.365e+12
4979.5	5.365e+12
4980	5.366e+12
4980.5	5.367e+12
4981	5.367e+12
4981.5	5.368e+12
4982	5.369e+12
4982.5	5.371e+12
4983	5.372e+12
4983.5	5.375e+12
4984	5.377e+12
4984.5	5.379e+12
4985	5.381e+12
4985.5	5.383e+12
4986	5.386e+12
4986.5	5.39e+12
4987	5.393e+12
4987.5	5.396e+12
4988	5.4e+12
4988.5	5.404e+12
4989	5.408e+12
4989.5	5.412e+12
4990	5.417e+12
4990.5	5.421e+12
4991	5.426e+12
4991.5	5.431e+12
4992	5.436e+12
4992.5	5.442e+12
4993	5.447e+12
4993.5	5.453e+12
4994	5.458e+12
4994.5	5.464e+12
4995	5.471e+12
4995.5	5.477e+12
4996	5.484e+12
4996.5	5.49e+12
4997	5.496e+12
4997.5	5.503e+12
4998	5.511e+12
4998.5	5.518e+12
4999	5.525e+12
4999.5	5.532e+12
5000	5.539e+12
5000.5	5.546e+12
5001	5.554e+12
5001.5	5.562e+12
5002	5.569e+12
5002.5	5.577e+12
5003	5.584e+12
5003.5	5.592e+12
5004	5.6e+12
5004.5	5.608e+12
5005	5.615e+12
5005.5	5.623e+12
5006	5.631e+12
5006.5	5.638e+12
5007	5.646e+12
5007.5	5.654e+12
5008	5.662e+12
5008.5	5.67e+12
5009	5.677e+12
5009.5	5.684e+12
5010	5.692e+12
5010.5	5.7e+12
5011	5.707e+12
5011.5	5.714e+12
5012	5.721e+12
5012.5	5.728e+12
5013	5.735e+12
5013.5	5.742e+12
5014	5.749e+12
5014.5	5.755e+12
5015	5.761e+12
5015.5	5.768e+12
5016	5.774e+12
5016.5	5.78e+12
5017	5.785e+12
5017.5	5.791e+12
5018	5.796e+12
5018.5	5.802e+12
5019	5.807e+12
5019.5	5.811e+12
5020	5.816e+12
5020.5	5.82e+12
5021	5.824e+12
5021.5	5.828e+12
5022	5.832e+12
5022.5	5.835e+12
5023	5.838e+12
5023.5	5.841e+12
5024	5.843e+12
5024.5	5.846e+12
5025	5.848e+12
5025.5	5.85e+12
5026	5.851e+12
5026.5	5.852e+12
5027	5.853e+12
5027.5	5.854e+12
5028	5.854e+12
5028.5	5.854e+12
5029	5.854e+12
5029.5	5.853e+12
5030	5.852e+12
5030.5	5.851e+12
5031	5.849e+12
5031.5	5.847e+12
5032	5.845e+12
5032.5	5.842e+12
5033	5.839e+12
5033.5	5.836e+12
5034	5.832e+12
5034.5	5.828e+12
5035	5.824e+12
5035.5	5.819e+12
5036	5.814e+12
5036.5	5.809e+12
5037	5.803e+12
5037.5	5.797e+12
5038	5.791e+12
5038.5	5.784e+12
5039	5.777e+12
5039.5	5.769e+12
5040	5.761e+12
5040.5	5.753e+12
5041	5.745e+12
5041.5	5.735e+12
5042	5.726e+12
5042.5	5.717e+12
5043	5.707e+12
5043.5	5.697e+12
5044	5.686e+12
5044.5	5.674e+12
5045	5.663e+12
5045.5	5.652e+12
5046	5.64e+12
5046.5	5.627e+12
5047	5.614e+12
5047.5	5.601e+12
5048	5.588e+12
5048.5	5.574e+12
5049	5.56e+12
5049.5	5.546e+12
5050	5.531e+12
5050.5	5.516e+12
5051	5.5e+12
5051.5	5.485e+12
5052	5.469e+12
5052.5	5.452e+12
5053	5.436e+12
5053.5	5.419e+12
5054	5.402e+12
5054.5	5.384e+12
5055	5.366e+12
5055.5	5.348e+12
5056	5.33e+12
5056.5	5.311e+12
5057	5.292e+12
5057.5	5.273e+12
5058	5.253e+12
5058.5	5.234e+12
5059	5.214e+12
5059.5	5.193e+12
5060	5.173e+12
5060.5	5.152e+12
5061	5.131e+12
5061.5	5.11e+12
5062	5.088e+12
5062.5	5.067e+12
5063	5.045e+12
5063.5	5.023e+12
5064	5e+12
5064.5	4.978e+12
5065	4.955e+12
5065.5	4.932e+12
5066	4.909e+12
5066.5	4.885e+12
5067	4.862e+12
5067.5	4.838e+12
5068	4.814e+12
5068.5	4.79e+12
5069	4.766e+12
5069.5	4.742e+12
5070	4.717e+12
5070.5	4.692e+12
5071	4.668e+12
5071.5	4.642e+12
5072	4.617e+12
5072.5	4.592e+12
5073	4.567e+12
5073.5	4.541e+12
5074	4.516e+12
5074.5	4.49e+12
5075	4.464e+12
5075.5	4.438e+12
5076	4.413e+12
5076.5	4.386e+12
5077	4.36e+12
5077.5	4.334e+12
5078	4.308e+12
5078.5	4.281e+12
5079	4.255e+12
5079.5	4.228e+12
5080	4.202e+12
5080.5	4.175e+12
5081	4.149e+12
5081.5	4.122e+12
5082	4.095e+12
5082.5	4.068e+12
5083	4.042e+12
5083.5	4.015e+12
5084	3.988e+12
5084.5	3.961e+12
5085	3.934e+12
5085.5	3.907e+12
5086	3.881e+12
5086.5	3.853e+12
5087	3.827e+12
5087.5	3.8e+12
5088	3.773e+12
5088.5	3.746e+12
5089	3.719e+12
5089.5	3.692e+12
5090	3.666e+12
5090.5	3.639e+12
5091	3.612e+12
5091.5	3.586e+12
5092	3.559e+12
5092.5	3.532e+12
5093	3.506e+12
5093.5	3.479e+12
5094	3.453e+12
5094.5	3.427e+12
5095	3.401e+12
5095.5	3.374e+12
5096	3.348e+12
5096.5	3.322e+12
5097	3.296e+12
5097.5	3.27e+12
5098	3.244e+12
5098.5	3.218e+12
5099	3.192e+12
5099.5	3.167e+12
5100	3.141e+12
5100.5	3.116e+12
5101	3.091e+12
5101.5	3.065e+12
5102	3.04e+12
5102.5	3.015e+12
5103	2.99e+12
5103.5	2.965e+12
5104	2.941e+12
5104.5	2.916e+12
5105	2.891e+12
5105.5	2.867e+12
5106	2.843e+12
5106.5	2.819e+12
5107	2.795e+12
5107.5	2.77e+12
5108	2.747e+12
5108.5	2.723e+12
5109	2.7e+12
5109.5	2.676e+12
5110	2.653e+12
5110.5	2.63e+12
5111	2.607e+12
5111.5	2.584e+12
5112	2.561e+12
5112.5	2.538e+12
5113	2.516e+12
5113.5	2.493e+12
5114	2.471e+12
5114.5	2.449e+12
5115	2.427e+12
5115.5	2.406e+12
5116	2.384e+12
5116.5	2.362e+12
5117	2.341e+12
5117.5	2.32e+12
5118	2.299e+12
5118.5	2.278e+12
5119	2.257e+12
5119.5	2.236e+12
5120	2.216e+12
5120.5	2.195e+12
5121	2.175e+12
5121.5	2.155e+12
5122	2.135e+12
5122.5	2.115e+12
5123	2.096e+12
5123.5	2.076e+12
5124	2.057e+12
5124.5	2.038e+12
5125	2.019e+12
5125.5	2e+12
5126	1.981e+12
5126.5	1.963e+12
5127	1.944e+12
5127.5	1.926e+12
5128	1.908e+12
5128.5	1.89e+12
5129	1.872e+12
5129.5	1.854e+12
5130	1.837e+12
5130.5	1.82e+12
5131	1.802e+12
5131.5	1.785e+12
5132	1.768e+12
5132.5	1.751e+12
5133	1.735e+12
5133.5	1.718e+12
5134	1.702e+12
5134.5	1.686e+12
5135	1.67e+12
5135.5	1.654e+12
5136	1.638e+12
5136.5	1.623e+12
5137	1.607e+12
5137.5	1.592e+12
5138	1.577e+12
5138.5	1.562e+12
5139	1.547e+12
5139.5	1.532e+12
5140	1.517e+12
5140.5	1.503e+12
5141	1.489e+12
5141.5	1.474e+12
5142	1.46e+12
5142.5	1.446e+12
5143	1.433e+12
5143.5	1.419e+12
5144	1.406e+12
5144.5	1.392e+12
5145	1.379e+12
5145.5	1.366e+12
5146	1.353e+12
5146.5	1.34e+12
5147	1.327e+12
5147.5	1.315e+12
5148	1.303e+12
5148.5	1.29e+12
5149	1.278e+12
5149.5	1.266e+12
5150	1.254e+12
5150.5	1.242e+12
5151	1.231e+12
5151.5	1.219e+12
5152	1.208e+12
5152.5	1.196e+12
5153	1.185e+12
5153.5	1.174e+12
5154	1.163e+12
5154.5	1.153e+12
5155	1.142e+12
5155.5	1.131e+12
5156	1.121e+12
5156.5	1.111e+12
5157	1.101e+12
5157.5	1.091e+12
5158	1.08e+12
5158.5	1.071e+12
5159	1.061e+12
5159.5	1.051e+12
5160	1.042e+12
5160.5	1.032e+12
5161	1.023e+12
5161.5	1.014e+12
5162	1.005e+12
5162.5	9.96e+11
5163	9.871e+11
5163.5	9.784e+11
5164	9.696e+11
5164.5	9.611e+11
5165	9.527e+11
5165.5	9.444e+11
5166	9.362e+11
5166.5	9.281e+11
5167	9.199e+11
5167.5	9.12e+11
5168	9.042e+11
5168.5	8.965e+11
5169	8.889e+11
5169.5	8.814e+11
5170	8.738e+11
5170.5	8.665e+11
5171	8.592e+11
5171.5	8.521e+11
5172	8.451e+11
5172.5	8.381e+11
5173	8.311e+11
5173.5	8.243e+11
5174	8.176e+11
5174.5	8.111e+11
5175	8.045e+11
5175.5	7.981e+11
5176	7.916e+11
5176.5	7.854e+11
5177	7.792e+11
5177.5	7.731e+11
5178	7.671e+11
5178.5	7.611e+11
5179	7.552e+11
5179.5	7.494e+11
5180	7.437e+11
5180.5	7.381e+11
5181	7.326e+11
5181.5	7.271e+11
5182	7.216e+11
5182.5	7.163e+11
5183	7.111e+11
5183.5	7.06e+11
5184	7.009e+11
5184.5	6.959e+11
5185	6.908e+11
5185.5	6.86e+11
5186	6.812e+11
5186.5	6.765e+11
5187	6.718e+11
5187.5	6.672e+11
5188	6.626e+11
5188.5	6.582e+11
5189	6.538e+11
5189.5	6.495e+11
5190	6.452e+11
5190.5	6.41e+11
5191	6.368e+11
5191.5	6.328e+11
5192	6.288e+11
5192.5	6.249e+11
5193	6.21e+11
5193.5	6.172e+11
5194	6.133e+11
5194.5	6.097e+11
5195	6.061e+11
5195.5	6.025e+11
5196	5.99e+11
5196.5	5.955e+11
5197	5.92e+11
5197.5	5.887e+11
5198	5.855e+11
5198.5	5.822e+11
5199	5.791e+11
5199.5	5.759e+11
5200	5.728e+11
5200.5	5.698e+11
5201	5.669e+11
5201.5	5.64e+11
5202	5.611e+11
5202.5	5.583e+11
5203	5.555e+11
5203.5	5.528e+11
5204	5.502e+11
5204.5	5.476e+11
5205	5.45e+11
5205.5	5.425e+11
5206	5.4e+11
5206.5	5.376e+11
5207	5.352e+11
5207.5	5.329e+11
5208	5.306e+11
5208.5	5.284e+11
5209	5.262e+11
5209.5	5.241e+11
5210	5.22e+11
5210.5	5.199e+11
5211	5.179e+11
5211.5	5.16e+11
5212	5.14e+11
5212.5	5.121e+11
5213	5.103e+11
5213.5	5.085e+11
5214	5.068e+11
5214.5	5.051e+11
5215	5.033e+11
5215.5	5.017e+11
5216	5.001e+11
5216.5	4.986e+11
5217	4.971e+11
5217.5	4.956e+11
5218	4.941e+11
5218.5	4.927e+11
5219	4.914e+11
5219.5	4.901e+11
5220	4.888e+11
5220.5	4.875e+11
5221	4.863e+11
5221.5	4.851e+11
5222	4.84e+11
5222.5	4.829e+11
5223	4.818e+11
5223.5	4.808e+11
5224	4.797e+11
5224.5	4.788e+11
5225	4.778e+11
5225.5	4.769e+11
5226	4.761e+11
5226.5	4.752e+11
5227	4.744e+11
5227.5	4.737e+11
5228	4.73e+11
5228.5	4.723e+11
5229	4.716e+11
5229.5	4.71e+11
5230	4.704e+11
5230.5	4.698e+11
5231	4.693e+11
5231.5	4.688e+11
5232	4.683e+11
5232.5	4.678e+11
5233	4.674e+11
5233.5	4.671e+11
5234	4.667e+11
5234.5	4.664e+11
5235	4.661e+11
5235.5	4.659e+11
5236	4.657e+11
5236.5	4.655e+11
5237	4.654e+11
5237.5	4.652e+11
5238	4.651e+11
5238.5	4.651e+11
5239	4.651e+11
5239.5	4.651e+11
5240	4.651e+11
5240.5	4.652e+11
5241	4.653e+11
5241.5	4.654e+11
5242	4.656e+11
5242.5	4.658e+11
5243	4.66e+11
5243.5	4.663e+11
5244	4.666e+11
5244.5	4.669e+11
5245	4.673e+11
5245.5	4.677e+11
5246	4.681e+11
5246.5	4.686e+11
5247	4.691e+11
5247.5	4.696e+11
5248	4.702e+11
5248.5	4.708e+11
5249	4.714e+11
5249.5	4.721e+11
5250	4.727e+11
5250.5	4.735e+11
5251	4.742e+11
5251.5	4.75e+11
5252	4.759e+11
5252.5	4.767e+11
5253	4.776e+11
5253.5	4.785e+11
5254	4.795e+11
5254.5	4.805e+11
5255	4.815e+11
5255.5	4.826e+11
5256	4.837e+11
5256.5	4.848e+11
5257	4.86e+11
5257.5	4.872e+11
5258	4.884e+11
5258.5	4.897e+11
5259	4.91e+11
5259.5	4.924e+11
5260	4.937e+11
5260.5	4.952e+11
5261	4.966e+11
5261.5	4.981e+11
5262	4.996e+11
5262.5	5.012e+11
5263	5.027e+11
5263.5	5.044e+11
5264	5.06e+11
5264.5	5.077e+11
5265	5.094e+11
5265.5	5.112e+11
5266	5.13e+11
5266.5	5.148e+11
5267	5.167e+11
5267.5	5.186e+11
5268	5.205e+11
5268.5	5.225e+11
5269	5.245e+11
5269.5	5.265e+11
5270	5.286e+11
5270.5	5.307e+11
5271	5.328e+11
5271.5	5.35e+11
5272	5.372e+11
5272.5	5.395e+11
5273	5.417e+11
5273.5	5.44e+11
5274	5.464e+11
5274.5	5.488e+11
5275	5.512e+11
5275.5	5.536e+11
5276	5.561e+11
5276.5	5.586e+11
5277	5.612e+11
5277.5	5.637e+11
5278	5.663e+11
5278.5	5.689e+11
5279	5.716e+11
5279.5	5.743e+11
5280	5.77e+11
5280.5	5.798e+11
5281	5.826e+11
5281.5	5.854e+11
5282	5.882e+11
5282.5	5.911e+11
5283	5.94e+11
5283.5	5.969e+11
5284	5.999e+11
5284.5	6.029e+11
5285	6.059e+11
5285.5	6.09e+11
5286	6.121e+11
5286.5	6.152e+11
5287	6.183e+11
5287.5	6.215e+11
5288	6.247e+11
5288.5	6.279e+11
5289	6.312e+11
5289.5	6.345e+11
5290	6.378e+11
5290.5	6.411e+11
5291	6.445e+11
5291.5	6.478e+11
5292	6.513e+11
5292.5	6.547e+11
5293	6.582e+11
5293.5	6.617e+11
5294	6.652e+11
5294.5	6.687e+11
5295	6.724e+11
5295.5	6.759e+11
5296	6.796e+11
5296.5	6.832e+11
5297	6.869e+11
5297.5	6.906e+11
5298	6.944e+11
5298.5	6.981e+11
5299	7.019e+11
5299.5	7.057e+11
5300	7.095e+11
5300.5	7.134e+11
5301	7.173e+11
5301.5	7.212e+11
5302	7.251e+11
5302.5	7.291e+11
5303	7.331e+11
5303.5	7.372e+11
5304	7.412e+11
5304.5	7.453e+11
5305	7.494e+11
5305.5	7.535e+11
5306	7.576e+11
5306.5	7.619e+11
5307	7.661e+11
5307.5	7.703e+11
5308	7.745e+11
5308.5	7.788e+11
5309	7.831e+11
5309.5	7.876e+11
5310	7.92e+11
5310.5	7.963e+11
5311	8.008e+11
5311.5	8.052e+11
5312	8.097e+11
5312.5	8.143e+11
5313	8.189e+11
5313.5	8.234e+11
5314	8.28e+11
5314.5	8.327e+11
5315	8.373e+11
5315.5	8.421e+11
5316	8.468e+11
5316.5	8.516e+11
5317	8.564e+11
5317.5	8.612e+11
5318	8.661e+11
5318.5	8.71e+11
5319	8.76e+11
5319.5	8.809e+11
5320	8.859e+11
5320.5	8.909e+11
5321	8.96e+11
5321.5	9.011e+11
5322	9.063e+11
5322.5	9.114e+11
5323	9.166e+11
5323.5	9.218e+11
5324	9.271e+11
5324.5	9.324e+11
5325	9.377e+11
5325.5	9.431e+11
5326	9.484e+11
5326.5	9.539e+11
5327	9.594e+11
5327.5	9.649e+11
5328	9.704e+11
5328.5	9.76e+11
5329	9.815e+11
5329.5	9.872e+11
5330	9.929e+11
5330.5	9.986e+11
5331	1.004e+12
5331.5	1.01e+12
5332	1.016e+12
5332.5	1.022e+12
5333	1.028e+12
5333.5	1.034e+12
5334	1.039e+12
5334.5	1.045e+12
5335	1.051e+12
5335.5	1.057e+12
5336	1.064e+12
5336.5	1.07e+12
5337	1.076e+12
5337.5	1.082e+12
5338	1.088e+12
5338.5	1.094e+12
5339	1.101e+12
5339.5	1.107e+12
5340	1.113e+12
5340.5	1.119e+12
5341	1.126e+12
5341.5	1.132e+12
5342	1.139e+12
5342.5	1.145e+12
5343	1.152e+12
5343.5	1.158e+12
5344	1.165e+12
5344.5	1.171e+12
5345	1.178e+12
5345.5	1.184e+12
5346	1.191e+12
5346.5	1.198e+12
5347	1.204e+12
5347.5	1.211e+12
5348	1.218e+12
5348.5	1.225e+12
5349	1.232e+12
5349.5	1.238e+12
5350	1.245e+12
5350.5	1.252e+12
5351	1.259e+12
5351.5	1.266e+12
5352	1.273e+12
5352.5	1.28e+12
5353	1.287e+12
5353.5	1.294e+12
5354	1.302e+12
5354.5	1.309e+12
5355	1.316e+12
5355.5	1.323e+12
5356	1.33e+12
5356.5	1.338e+12
5357	1.345e+12
5357.5	1.352e+12
5358	1.359e+12
5358.5	1.367e+12
5359	1.374e+12
5359.5	1.382e+12
5360	1.389e+12
5360.5	1.397e+12
5361	1.404e+12
5361.5	1.412e+12
5362	1.42e+12
5362.5	1.428e+12
5363	1.435e+12
5363.5	1.443e+12
5364	1.451e+12
5364.5	1.459e+12
5365	1.467e+12
5365.5	1.475e+12
5366	1.483e+12
5366.5	1.491e+12
5367	1.499e+12
5367.5	1.507e+12
5368	1.515e+12
5368.5	1.524e+12
5369	1.532e+12
5369.5	1.54e+12
5370	1.549e+12
5370.5	1.557e+12
5371	1.566e+12
5371.5	1.575e+12
5372	1.583e+12
5372.5	1.592e+12
5373	1.601e+12
5373.5	1.61e+12
5374	1.619e+12
5374.5	1.628e+12
5375	1.637e+12
5375.5	1.646e+12
5376	1.655e+12
5376.5	1.664e+12
5377	1.674e+12
5377.5	1.683e+12
5378	1.693e+12
5378.5	1.702e+12
5379	1.712e+12
5379.5	1.721e+12
5380	1.731e+12
5380.5	1.741e+12
5381	1.751e+12
5381.5	1.761e+12
5382	1.771e+12
5382.5	1.781e+12
5383	1.792e+12
5383.5	1.802e+12
5384	1.812e+12
5384.5	1.823e+12
5385	1.833e+12
5385.5	1.844e+12
5386	1.855e+12
5386.5	1.866e+12
5387	1.876e+12
5387.5	1.887e+12
5388	1.898e+12
5388.5	1.909e+12
5389	1.921e+12
5389.5	1.932e+12
5390	1.943e+12
5390.5	1.955e+12
5391	1.966e+12
5391.5	1.978e+12
5392	1.989e+12
5392.5	2.001e+12
5393	2.013e+12
5393.5	2.025e+12
5394	2.036e+12
5394.5	2.049e+12
5395	2.061e+12
5395.5	2.073e+12
5396	2.085e+12
5396.5	2.097e+12
5397	2.109e+12
5397.5	2.122e+12
5398	2.134e+12
5398.5	2.147e+12
5399	2.159e+12
5399.5	2.172e+12
5400	2.184e+12
5400.5	2.197e+12
5401	2.21e+12
5401.5	2.222e+12
5402	2.235e+12
5402.5	2.248e+12
5403	2.261e+12
5403.5	2.274e+12
5404	2.287e+12
5404.5	2.299e+12
5405	2.312e+12
5405.5	2.325e+12
5406	2.338e+12
5406.5	2.352e+12
5407	2.365e+12
5407.5	2.378e+12
5408	2.391e+12
5408.5	2.404e+12
5409	2.417e+12
5409.5	2.43e+12
5410	2.443e+12
5410.5	2.457e+12
5411	2.47e+12
5411.5	2.483e+12
5412	2.496e+12
5412.5	2.509e+12
5413	2.523e+12
5413.5	2.536e+12
5414	2.549e+12
5414.5	2.562e+12
5415	2.575e+12
5415.5	2.589e+12
5416	2.602e+12
5416.5	2.615e+12
5417	2.628e+12
5417.5	2.641e+12
5418	2.654e+12
5418.5	2.667e+12
5419	2.68e+12
5419.5	2.693e+12
5420	2.706e+12
5420.5	2.719e+12
5421	2.733e+12
5421.5	2.746e+12
5422	2.759e+12
5422.5	2.771e+12
5423	2.784e+12
5423.5	2.797e+12
5424	2.81e+12
5424.5	2.823e+12
5425	2.836e+12
5425.5	2.849e+12
5426	2.862e+12
5426.5	2.874e+12
5427	2.887e+12
5427.5	2.9e+12
5428	2.913e+12
5428.5	2.926e+12
5429	2.938e+12
5429.5	2.951e+12
5430	2.964e+12
5430.5	2.976e+12
5431	2.989e+12
5431.5	3.002e+12
5432	3.014e+12
5432.5	3.027e+12
5433	3.04e+12
5433.5	3.052e+12
5434	3.065e+12
5434.5	3.077e+12
5435	3.09e+12
5435.5	3.103e+12
5436	3.115e+12
5436.5	3.128e+12
5437	3.141e+12
5437.5	3.153e+12
5438	3.166e+12
5438.5	3.178e+12
5439	3.191e+12
5439.5	3.204e+12
5440	3.216e+12
5440.5	3.229e+12
5441	3.242e+12
5441.5	3.255e+12
5442	3.267e+12
5442.5	3.28e+12
5443	3.293e+12
5443.5	3.305e+12
5444	3.318e+12
5444.5	3.331e+12
5445	3.344e+12
5445.5	3.357e+12
5446	3.37e+12
5446.5	3.383e+12
5447	3.396e+12
5447.5	3.409e+12
5448	3.422e+12
5448.5	3.435e+12
5449	3.448e+12
5449.5	3.461e+12
5450	3.474e+12
5450.5	3.487e+12
5451	3.5e+12
5451.5	3.514e+12
5452	3.527e+12
5452.5	3.54e+12
5453	3.553e+12
5453.5	3.567e+12
5454	3.58e+12
5454.5	3.594e+12
5455	3.607e+12
5455.5	3.621e+12
5456	3.634e+12
5456.5	3.648e+12
5457	3.661e+12
5457.5	3.675e+12
5458	3.689e+12
5458.5	3.702e+12
5459	3.716e+12
5459.5	3.73e+12
5460	3.744e+12
5460.5	3.757e+12
5461	3.771e+12
5461.5	3.785e+12
5462	3.799e+12
5462.5	3.813e+12
5463	3.827e+12
5463.5	3.841e+12
5464	3.854e+12
5464.5	3.868e+12
5465	3.882e+12
5465.5	3.896e+12
5466	3.91e+12
5466.5	3.924e+12
5467	3.938e+12
5467.5	3.952e+12
5468	3.966e+12
5468.5	3.98e+12
5469	3.994e+12
5469.5	4.008e+12
5470	4.022e+12
5470.5	4.036e+12
5471	4.05e+12
5471.5	4.064e+12
5472	4.078e+12
5472.5	4.092e+12
5473	4.105e+12
5473.5	4.119e+12
5474	4.133e+12
5474.5	4.147e+12
5475	4.161e+12
5475.5	4.175e+12
5476	4.188e+12
5476.5	4.202e+12
5477	4.216e+12
5477.5	4.23e+12
5478	4.243e+12
5478.5	4.257e+12
5479	4.271e+12
5479.5	4.284e+12
5480	4.298e+12
5480.5	4.311e+12
5481	4.325e+12
5481.5	4.338e+12
5482	4.352e+12
5482.5	4.365e+12
5483	4.379e+12
5483.5	4.392e+12
5484	4.405e+12
5484.5	4.419e+12
5485	4.432e+12
5485.5	4.445e+12
5486	4.459e+12
5486.5	4.472e+12
5487	4.485e+12
5487.5	4.498e+12
5488	4.511e+12
5488.5	4.524e+12
5489	4.537e+12
5489.5	4.55e+12
5490	4.563e+12
5490.5	4.576e+12
5491	4.589e+12
5491.5	4.602e+12
5492	4.615e+12
5492.5	4.628e+12
5493	4.641e+12
5493.5	4.653e+12
5494	4.666e+12
5494.5	4.679e+12
5495	4.692e+12
5495.5	4.705e+12
5496	4.717e+12
5496.5	4.73e+12
5497	4.743e+12
5497.5	4.756e+12
5498	4.768e+12
5498.5	4.781e+12
5499	4.793e+12
5499.5	4.806e+12
5500	4.818e+12
5500.5	4.831e+12
5501	4.844e+12
5501.5	4.856e+12
5502	4.869e+12
5502.5	4.881e+12
5503	4.893e+12
5503.5	4.906e+12
5504	4.918e+12
5504.5	4.93e+12
5505	4.943e+12
5505.5	4.955e+12
5506	4.967e+12
5506.5	4.98e+12
5507	4.992e+12
5507.5	5.003e+12
5508	5.015e+12
5508.5	5.027e+12
5509	5.039e+12
5509.5	5.051e+12
5510	5.063e+12
5510.5	5.074e+12
5511	5.086e+12
5511.5	5.097e+12
5512	5.109e+12
5512.5	5.12e+12
5513	5.131e+12
5513.5	5.142e+12
5514	5.153e+12
5514.5	5.164e+12
5515	5.175e+12
5515.5	5.186e+12
5516	5.196e+12
5516.5	5.206e+12
5517	5.216e+12
5517.5	5.227e+12
5518	5.237e+12
5518.5	5.247e+12
5519	5.256e+12
5519.5	5.265e+12
5520	5.275e+12
5520.5	5.284e+12
5521	5.293e+12
5521.5	5.302e+12
5522	5.31e+12
5522.5	5.319e+12
5523	5.327e+12
5523.5	5.335e+12
5524	5.343e+12
5524.5	5.351e+12
5525	5.358e+12
5525.5	5.365e+12
5526	5.372e+12
5526.5	5.379e+12
5527	5.386e+12
5527.5	5.392e+12
5528	5.398e+12
5528.5	5.404e+12
5529	5.409e+12
5529.5	5.415e+12
5530	5.421e+12
5530.5	5.426e+12
5531	5.43e+12
5531.5	5.435e+12
5532	5.439e+12
5532.5	5.443e+12
5533	5.448e+12
5533.5	5.451e+12
5534	5.455e+12
5534.5	5.458e+12
5535	5.461e+12
5535.5	5.464e+12
5536	5.467e+12
5536.5	5.47e+12
5537	5.472e+12
5537.5	5.474e+12
5538	5.476e+12
5538.5	5.478e+12
5539	5.479e+12
5539.5	5.481e+12
5540	5.482e+12
5540.5	5.483e+12
5541	5.484e+12
5541.5	5.485e+12
5542	5.486e+12
5542.5	5.487e+12
5543	5.487e+12
5543.5	5.487e+12
5544	5.488e+12
5544.5	5.488e+12
5545	5.488e+12
5545.5	5.488e+12
5546	5.488e+12
5546.5	5.488e+12
5547	5.487e+12
5547.5	5.487e+12
5548	5.487e+12
5548.5	5.487e+12
5549	5.486e+12
5549.5	5.485e+12
5550	5.485e+12
5550.5	5.485e+12
5551	5.484e+12
5551.5	5.484e+12
5552	5.483e+12
5552.5	5.482e+12
5553	5.482e+12
5553.5	5.481e+12
5554	5.481e+12
5554.5	5.48e+12
5555	5.48e+12
5555.5	5.479e+12
5556	5.479e+12
5556.5	5.479e+12
5557	5.478e+12
5557.5	5.478e+12
5558	5.478e+12
5558.5	5.477e+12
5559	5.477e+12
5559.5	5.477e+12
5560	5.477e+12
5560.5	5.477e+12
5561	5.477e+12
5561.5	5.477e+12
5562	5.477e+12
5562.5	5.477e+12
5563	5.477e+12
5563.5	5.478e+12
5564	5.478e+12
5564.5	5.478e+12
5565	5.479e+12
5565.5	5.479e+12
5566	5.479e+12
5566.5	5.48e+12
5567	5.48e+12
5567.5	5.481e+12
5568	5.481e+12
5568.5	5.482e+12
5569	5.483e+12
5569.5	5.483e+12
5570	5.484e+12
5570.5	5.484e+12
5571	5.485e+12
5571.5	5.485e+12
5572	5.486e+12
5572.5	5.487e+12
5573	5.487e+12
5573.5	5.487e+12
5574	5.488e+12
5574.5	5.489e+12
5575	5.489e+12
5575.5	5.489e+12
5576	5.489e+12
5576.5	5.49e+12
5577	5.49e+12
5577.5	5.49e+12
5578	5.49e+12
5578.5	5.49e+12
5579	5.49e+12
5579.5	5.49e+12
5580	5.49e+12
5580.5	5.49e+12
5581	5.489e+12
5581.5	5.489e+12
5582	5.488e+12
5582.5	5.488e+12
5583	5.487e+12
5583.5	5.486e+12
5584	5.485e+12
5584.5	5.484e+12
5585	5.483e+12
5585.5	5.482e+12
5586	5.481e+12
5586.5	5.479e+12
5587	5.478e+12
5587.5	5.476e+12
5588	5.474e+12
5588.5	5.472e+12
5589	5.47e+12
5589.5	5.468e+12
5590	5.466e+12
5590.5	5.464e+12
5591	5.461e+12
5591.5	5.459e+12
5592	5.457e+12
5592.5	5.454e+12
5593	5.452e+12
5593.5	5.449e+12
5594	5.446e+12
5594.5	5.443e+12
5595	5.44e+12
5595.5	5.437e+12
5596	5.434e+12
5596.5	5.431e+12
5597	5.428e+12
5597.5	5.425e+12
5598	5.422e+12
5598.5	5.418e+12
5599	5.415e+12
5599.5	5.412e+12
5600	5.408e+12
5600.5	5.405e+12
5601	5.402e+12
5601.5	5.398e+12
5602	5.395e+12
5602.5	5.392e+12
5603	5.388e+12
5603.5	5.385e+12
5604	5.382e+12
5604.5	5.378e+12
5605	5.375e+12
5605.5	5.372e+12
5606	5.369e+12
5606.5	5.366e+12
5607	5.363e+12
5607.5	5.36e+12
5608	5.357e+12
5608.5	5.354e+12
5609	5.351e+12
5609.5	5.348e+12
5610	5.346e+12
5610.5	5.343e+12
5611	5.34e+12
5611.5	5.338e+12
5612	5.336e+12
5612.5	5.333e+12
5613	5.331e+12
5613.5	5.329e+12
5614	5.327e+12
5614.5	5.325e+12
5615	5.323e+12
5615.5	5.321e+12
5616	5.32e+12
5616.5	5.318e+12
5617	5.317e+12
5617.5	5.315e+12
5618	5.314e+12
5618.5	5.313e+12
5619	5.311e+12
5619.5	5.31e+12
5620	5.309e+12
5620.5	5.308e+12
5621	5.308e+12
5621.5	5.307e+12
5622	5.306e+12
5622.5	5.305e+12
5623	5.305e+12
5623.5	5.304e+12
5624	5.304e+12
5624.5	5.303e+12
5625	5.303e+12
5625.5	5.303e+12
5626	5.303e+12
5626.5	5.302e+12
5627	5.302e+12
5627.5	5.302e+12
5628	5.302e+12
5628.5	5.302e+12
5629	5.302e+12
5629.5	5.302e+12
5630	5.302e+12
5630.5	5.302e+12
5631	5.302e+12
5631.5	5.302e+12
5632	5.302e+12
5632.5	5.303e+12
5633	5.303e+12
5633.5	5.303e+12
5634	5.303e+12
5634.5	5.303e+12
5635	5.303e+12
5635.5	5.304e+12
5636	5.303e+12
5636.5	5.304e+12
5637	5.304e+12
5637.5	5.304e+12
5638	5.304e+12
5638.5	5.305e+12
5639	5.305e+12
5639.5	5.305e+12
5640	5.305e+12
5640.5	5.305e+12
5641	5.305e+12
5641.5	5.306e+12
5642	5.306e+12
5642.5	5.306e+12
5643	5.306e+12
5643.5	5.307e+12
5644	5.307e+12
5644.5	5.308e+12
5645	5.307e+12
5645.5	5.308e+12
5646	5.308e+12
5646.5	5.309e+12
5647	5.309e+12
5647.5	5.31e+12
5648	5.31e+12
5648.5	5.31e+12
5649	5.311e+12
5649.5	5.311e+12
5650	5.312e+12
5650.5	5.313e+12
5651	5.313e+12
5651.5	5.314e+12
5652	5.315e+12
5652.5	5.315e+12
5653	5.316e+12
5653.5	5.317e+12
5654	5.318e+12
5654.5	5.319e+12
5655	5.32e+12
5655.5	5.321e+12
5656	5.322e+12
5656.5	5.323e+12
5657	5.324e+12
5657.5	5.325e+12
5658	5.326e+12
5658.5	5.328e+12
5659	5.329e+12
5659.5	5.331e+12
5660	5.332e+12
5660.5	5.333e+12
5661	5.335e+12
5661.5	5.336e+12
5662	5.338e+12
5662.5	5.339e+12
5663	5.34e+12
5663.5	5.342e+12
5664	5.344e+12
5664.5	5.345e+12
5665	5.347e+12
5665.5	5.348e+12
5666	5.35e+12
5666.5	5.351e+12
5667	5.353e+12
5667.5	5.354e+12
5668	5.356e+12
5668.5	5.357e+12
5669	5.358e+12
5669.5	5.36e+12
5670	5.361e+12
5670.5	5.362e+12
5671	5.364e+12
5671.5	5.365e+12
5672	5.366e+12
5672.5	5.367e+12
5673	5.368e+12
5673.5	5.369e+12
5674	5.37e+12
5674.5	5.371e+12
5675	5.371e+12
5675.5	5.372e+12
5676	5.372e+12
5676.5	5.373e+12
5677	5.374e+12
5677.5	5.374e+12
5678	5.374e+12
5678.5	5.374e+12
5679	5.374e+12
5679.5	5.374e+12
5680	5.374e+12
5680.5	5.374e+12
5681	5.373e+12
5681.5	5.373e+12
5682	5.372e+12
5682.5	5.372e+12
5683	5.371e+12
5683.5	5.37e+12
5684	5.369e+12
5684.5	5.368e+12
5685	5.367e+12
5685.5	5.367e+12
5686	5.366e+12
5686.5	5.364e+12
5687	5.363e+12
5687.5	5.362e+12
5688	5.36e+12
5688.5	5.359e+12
5689	5.358e+12
5689.5	5.356e+12
5690	5.355e+12
5690.5	5.353e+12
5691	5.352e+12
5691.5	5.351e+12
5692	5.35e+12
5692.5	5.348e+12
5693	5.346e+12
5693.5	5.345e+12
5694	5.344e+12
5694.5	5.343e+12
5695	5.341e+12
5695.5	5.34e+12
5696	5.339e+12
5696.5	5.338e+12
5697	5.337e+12
5697.5	5.336e+12
5698	5.335e+12
5698.5	5.334e+12
5699	5.333e+12
5699.5	5.332e+12
5700	5.332e+12
5700.5	5.331e+12
5701	5.331e+12
5701.5	5.33e+12
5702	5.33e+12
5702.5	5.33e+12
5703	5.33e+12
5703.5	5.33e+12
5704	5.33e+12
5704.5	5.33e+12
5705	5.33e+12
5705.5	5.33e+12
5706	5.331e+12
5706.5	5.332e+12
5707	5.332e+12
5707.5	5.333e+12
5708	5.333e+12
5708.5	5.334e+12
5709	5.335e+12
5709.5	5.336e+12
5710	5.337e+12
5710.5	5.338e+12
5711	5.339e+12
5711.5	5.34e+12
5712	5.342e+12
5712.5	5.343e+12
5713	5.344e+12
5713.5	5.345e+12
5714	5.346e+12
5714.5	5.347e+12
5715	5.349e+12
5715.5	5.35e+12
5716	5.351e+12
5716.5	5.352e+12
5717	5.353e+12
5717.5	5.354e+12
5718	5.356e+12
5718.5	5.357e+12
5719	5.358e+12
5719.5	5.359e+12
5720	5.36e+12
5720.5	5.361e+12
5721	5.362e+12
5721.5	5.363e+12
5722	5.363e+12
5722.5	5.364e+12
5723	5.364e+12
5723.5	5.365e+12
5724	5.366e+12
5724.5	5.366e+12
5725	5.366e+12
5725.5	5.366e+12
5726	5.366e+12
5726.5	5.367e+12
5727	5.367e+12
5727.5	5.367e+12
5728	5.367e+12
5728.5	5.366e+12
5729	5.366e+12
5729.5	5.366e+12
5730	5.366e+12
5730.5	5.366e+12
5731	5.365e+12
5731.5	5.364e+12
5732	5.364e+12
5732.5	5.363e+12
5733	5.363e+12
5733.5	5.362e+12
5734	5.362e+12
5734.5	5.361e+12
5735	5.36e+12
5735.5	5.359e+12
5736	5.359e+12
5736.5	5.358e+12
5737	5.357e+12
5737.5	5.356e+12
5738	5.355e+12
5738.5	5.355e+12
5739	5.354e+12
5739.5	5.354e+12
5740	5.353e+12
5740.5	5.352e+12
5741	5.351e+12
5741.5	5.351e+12
5742	5.351e+12
5742.5	5.35e+12
5743	5.35e+12
5743.5	5.349e+12
5744	5.349e+12
5744.5	5.349e+12
5745	5.349e+12
5745.5	5.348e+12
5746	5.348e+12
5746.5	5.348e+12
5747	5.348e+12
5747.5	5.348e+12
5748	5.349e+12
5748.5	5.349e+12
5749	5.349e+12
5749.5	5.349e+12
5750	5.35e+12
5750.5	5.35e+12
5751	5.351e+12
5751.5	5.351e+12
5752	5.352e+12
5752.5	5.352e+12
5753	5.353e+12
5753.5	5.353e+12
5754	5.354e+12
5754.5	5.355e+12
5755	5.355e+12
5755.5	5.356e+12
5756	5.357e+12
5756.5	5.358e+12
5757	5.358e+12
5757.5	5.359e+12
5758	5.36e+12
5758.5	5.36e+12
5759	5.361e+12
5759.5	5.362e+12
5760	5.363e+12
5760.5	5.364e+12
5761	5.364e+12
5761.5	5.364e+12
5762	5.365e+12
5762.5	5.366e+12
5763	5.367e+12
5763.5	5.367e+12
5764	5.368e+12
5764.5	5.368e+12
5765	5.368e+12
5765.5	5.369e+12
5766	5.369e+12
5766.5	5.369e+12
5767	5.37e+12
5767.5	5.369e+12
5768	5.37e+12
5768.5	5.37e+12
5769	5.37e+12
5769.5	5.37e+12
5770	5.37e+12
5770.5	5.37e+12
5771	5.37e+12
5771.5	5.37e+12
5772	5.37e+12
5772.5	5.37e+12
5773	5.369e+12
5773.5	5.369e+12
5774	5.369e+12
5774.5	5.369e+12
5775	5.368e+12
5775.5	5.368e+12
5776	5.368e+12
5776.5	5.367e+12
5777	5.367e+12
5777.5	5.367e+12
5778	5.366e+12
5778.5	5.366e+12
5779	5.366e+12
5779.5	5.365e+12
5780	5.365e+12
5780.5	5.365e+12
5781	5.364e+12
5781.5	5.364e+12
5782	5.363e+12
5782.5	5.363e+12
5783	5.363e+12
5783.5	5.363e+12
5784	5.362e+12
5784.5	5.362e+12
5785	5.362e+12
5785.5	5.362e+12
5786	5.362e+12
5786.5	5.362e+12
5787	5.361e+12
5787.5	5.361e+12
5788	5.361e+12
5788.5	5.361e+12
5789	5.361e+12
5789.5	5.361e+12
5790	5.362e+12
5790.5	5.362e+12
5791	5.362e+12
5791.5	5.362e+12
5792	5.362e+12
5792.5	5.363e+12
5793	5.363e+12
5793.5	5.363e+12
5794	5.363e+12
5794.5	5.364e+12
5795	5.364e+12
5795.5	5.365e+12
5796	5.365e+12
5796.5	5.365e+12
5797	5.366e+12
5797.5	5.366e+12
5798	5.367e+12
5798.5	5.367e+12
5799	5.368e+12
5799.5	5.368e+12
5800	5.368e+12
5800.5	5.369e+12
5801	5.369e+12
5801.5	5.37e+12
5802	5.37e+12
5802.5	5.371e+12
5803	5.371e+12
5803.5	5.372e+12
5804	5.372e+12
5804.5	5.372e+12
5805	5.373e+12
5805.5	5.373e+12
5806	5.373e+12
5806.5	5.373e+12
5807	5.374e+12
5807.5	5.374e+12
5808	5.374e+12
5808.5	5.374e+12
5809	5.374e+12
5809.5	5.375e+12
5810	5.375e+12
5810.5	5.375e+12
5811	5.375e+12
5811.5	5.375e+12
5812	5.375e+12
5812.5	5.375e+12
5813	5.375e+12
5813.5	5.375e+12
5814	5.374e+12
5814.5	5.374e+12
5815	5.374e+12
5815.5	5.374e+12
5816	5.374e+12
5816.5	5.374e+12
5817	5.374e+12
5817.5	5.373e+12
5818	5.373e+12
5818.5	5.373e+12
5819	5.373e+12
5819.5	5.373e+12
5820	5.372e+12
5820.5	5.372e+12
5821	5.372e+12
5821.5	5.372e+12
5822	5.372e+12
5822.5	5.371e+12
5823	5.371e+12
5823.5	5.371e+12
5824	5.371e+12
5824.5	5.371e+12
5825	5.371e+12
5825.5	5.371e+12
5826	5.371e+12
5826.5	5.371e+12
5827	5.371e+12
5827.5	5.371e+12
5828	5.371e+12
5828.5	5.371e+12
5829	5.371e+12
5829.5	5.371e+12
5830	5.371e+12
5830.5	5.371e+12
5831	5.371e+12
5831.5	5.372e+12
5832	5.372e+12
5832.5	5.372e+12
5833	5.372e+12
5833.5	5.372e+12
5834	5.373e+12
5834.5	5.373e+12
5835	5.373e+12
5835.5	5.374e+12
5836	5.374e+12
5836.5	5.374e+12
5837	5.375e+12
5837.5	5.375e+12
5838	5.375e+12
5838.5	5.376e+12
5839	5.376e+12
5839.5	5.376e+12
5840	5.377e+12
5840.5	5.377e+12
5841	5.377e+12
5841.5	5.378e+12
5842	5.378e+12
5842.5	5.378e+12
5843	5.378e+12
5843.5	5.379e+12
5844	5.379e+12
5844.5	5.38e+12
5845	5.379e+12
5845.5	5.38e+12
5846	5.38e+12
5846.5	5.38e+12
5847	5.38e+12
5847.5	5.381e+12
5848	5.38e+12
5848.5	5.381e+12
5849	5.381e+12
5849.5	5.381e+12
5850	5.381e+12
5850.5	5.381e+12
5851	5.381e+12
5851.5	5.381e+12
5852	5.381e+12
5852.5	5.381e+12
5853	5.381e+12
5853.5	5.381e+12
5854	5.38e+12
5854.5	5.38e+12
5855	5.38e+12
5855.5	5.38e+12
5856	5.38e+12
5856.5	5.38e+12
5857	5.38e+12
5857.5	5.38e+12
5858	5.38e+12
5858.5	5.38e+12
5859	5.38e+12
5859.5	5.38e+12
5860	5.379e+12
5860.5	5.379e+12
5861	5.379e+12
5861.5	5.379e+12
5862	5.379e+12
5862.5	5.379e+12
5863	5.379e+12
5863.5	5.379e+12
5864	5.379e+12
5864.5	5.379e+12
5865	5.379e+12
5865.5	5.38e+12
5866	5.379e+12
5866.5	5.379e+12
5867	5.38e+12
5867.5	5.38e+12
5868	5.38e+12
5868.5	5.38e+12
5869	5.38e+12
5869.5	5.38e+12
5870	5.38e+12
5870.5	5.381e+12
5871	5.381e+12
5871.5	5.381e+12
5872	5.381e+12
5872.5	5.382e+12
5873	5.382e+12
5873.5	5.382e+12
5874	5.383e+12
5874.5	5.383e+12
5875	5.383e+12
5875.5	5.383e+12
5876	5.383e+12
5876.5	5.384e+12
5877	5.384e+12
5877.5	5.384e+12
5878	5.384e+12
5878.5	5.384e+12
5879	5.384e+12
5879.5	5.385e+12
5880	5.385e+12
5880.5	5.385e+12
5881	5.385e+12
5881.5	5.385e+12
5882	5.385e+12
5882.5	5.386e+12
5883	5.386e+12
5883.5	5.386e+12
5884	5.385e+12
5884.5	5.385e+12
5885	5.385e+12
5885.5	5.386e+12
5886	5.386e+12
5886.5	5.386e+12
5887	5.385e+12
5887.5	5.385e+12
5888	5.385e+12
5888.5	5.386e+12
5889	5.385e+12
5889.5	5.385e+12
5890	5.385e+12
5890.5	5.385e+12
5891	5.385e+12
5891.5	5.385e+12
5892	5.385e+12
5892.5	5.385e+12
5893	5.385e+12
5893.5	5.385e+12
5894	5.385e+12
5894.5	5.385e+12
5895	5.385e+12
5895.5	5.385e+12
5896	5.385e+12
5896.5	5.385e+12
5897	5.385e+12
5897.5	5.385e+12
5898	5.385e+12
5898.5	5.385e+12
5899	5.385e+12
5899.5	5.385e+12
5900	5.385e+12
5900.5	5.385e+12
5901	5.385e+12
5901.5	5.385e+12
5902	5.385e+12
5902.5	5.385e+12
5903	5.386e+12
5903.5	5.386e+12
5904	5.386e+12
5904.5	5.386e+12
5905	5.386e+12
5905.5	5.386e+12
5906	5.386e+12
5906.5	5.386e+12
5907	5.386e+12
5907.5	5.386e+12
5908	5.386e+12
5908.5	5.386e+12
5909	5.387e+12
5909.5	5.387e+12
5910	5.387e+12
5910.5	5.387e+12
5911	5.387e+12
5911.5	5.387e+12
5912	5.387e+12
5912.5	5.387e+12
5913	5.388e+12
5913.5	5.387e+12
5914	5.387e+12
5914.5	5.387e+12
5915	5.388e+12
5915.5	5.388e+12
5916	5.388e+12
5916.5	5.388e+12
5917	5.388e+12
5917.5	5.388e+12
5918	5.388e+12
5918.5	5.388e+12
5919	5.388e+12
5919.5	5.388e+12
5920	5.388e+12
5920.5	5.388e+12
5921	5.389e+12
5921.5	5.389e+12
5922	5.389e+12
5922.5	5.388e+12
5923	5.388e+12
5923.5	5.389e+12
5924	5.389e+12
5924.5	5.389e+12
5925	5.389e+12
5925.5	5.388e+12
5926	5.389e+12
5926.5	5.389e+12
5927	5.389e+12
5927.5	5.389e+12
5928	5.389e+12
5928.5	5.389e+12
5929	5.389e+12
5929.5	5.389e+12
5930	5.389e+12
5930.5	5.389e+12
5931	5.389e+12
5931.5	5.389e+12
5932	5.389e+12
5932.5	5.389e+12
5933	5.389e+12
5933.5	5.389e+12
5934	5.389e+12
5934.5	5.389e+12
5935	5.389e+12
5935.5	5.389e+12
5936	5.389e+12
5936.5	5.389e+12
5937	5.389e+12
5937.5	5.389e+12
5938	5.389e+12
5938.5	5.39e+12
5939	5.39e+12
5939.5	5.39e+12
5940	5.39e+12
5940.5	5.389e+12
5941	5.39e+12
5941.5	5.39e+12
5942	5.39e+12
5942.5	5.39e+12
5943	5.39e+12
5943.5	5.39e+12
5944	5.39e+12
5944.5	5.39e+12
5945	5.391e+12
5945.5	5.391e+12
5946	5.391e+12
5946.5	5.39e+12
5947	5.391e+12
5947.5	5.391e+12
5948	5.391e+12
5948.5	5.391e+12
5949	5.391e+12
5949.5	5.391e+12
5950	5.392e+12
5950.5	5.392e+12
5951	5.392e+12
5951.5	5.392e+12
5952	5.392e+12
5952.5	5.392e+12
5953	5.392e+12
5953.5	5.392e+12
5954	5.392e+12
5954.5	5.392e+12
5955	5.392e+12
5955.5	5.392e+12
5956	5.392e+12
5956.5	5.392e+12
5957	5.393e+12
5957.5	5.393e+12
5958	5.393e+12
5958.5	5.392e+12
5959	5.393e+12
5959.5	5.393e+12
5960	5.393e+12
5960.5	5.393e+12
5961	5.392e+12
5961.5	5.392e+12
5962	5.392e+12
5962.5	5.392e+12
5963	5.392e+12
5963.5	5.392e+12
5964	5.392e+12
5964.5	5.392e+12
5965	5.392e+12
5965.5	5.392e+12
5966	5.392e+12
5966.5	5.392e+12
5967	5.392e+12
5967.5	5.392e+12
5968	5.392e+12
5968.5	5.392e+12
5969	5.392e+12
5969.5	5.392e+12
5970	5.392e+12
5970.5	5.392e+12
5971	5.392e+12
5971.5	5.392e+12
5972	5.393e+12
5972.5	5.393e+12
5973	5.393e+12
5973.5	5.393e+12
5974	5.393e+12
5974.5	5.393e+12
5975	5.393e+12
5975.5	5.393e+12
5976	5.393e+12
5976.5	5.393e+12
5977	5.394e+12
5977.5	5.394e+12
5978	5.394e+12
5978.5	5.394e+12
5979	5.394e+12
5979.5	5.394e+12
5980	5.394e+12
5980.5	5.395e+12
5981	5.395e+12
5981.5	5.395e+12
5982	5.395e+12
5982.5	5.395e+12
5983	5.395e+12
5983.5	5.395e+12
5984	5.395e+12
5984.5	5.395e+12
5985	5.395e+12
5985.5	5.395e+12
5986	5.396e+12
5986.5	5.396e+12
5987	5.396e+12
5987.5	5.396e+12
5988	5.396e+12
5988.5	5.396e+12
5989	5.396e+12
5989.5	5.396e+12
5990	5.396e+12
5990.5	5.396e+12
5991	5.396e+12
5991.5	5.395e+12
5992	5.395e+12
5992.5	5.395e+12
5993	5.395e+12
5993.5	5.395e+12
5994	5.395e+12
5994.5	5.395e+12
5995	5.395e+12
5995.5	5.395e+12
5996	5.395e+12
5996.5	5.395e+12
5997	5.395e+12
5997.5	5.395e+12
5998	5.395e+12
5998.5	5.395e+12
5999	5.394e+12
5999.5	5.394e+12
6000	5.395e+12
